-167.74,-16.26,0.0
-128.7,-16.01,0.0
-127.72,-16.11,0.0
-127.71,-16.19,0.0
-126.72,-16.04,0.0
-125.7,-15.95,0.0
-124.7,-16.15,0.0
-123.67,-16.21,0.0
-123.65,-16.21,0.0
-121.63,-16.09,0.0
-120.67,-16.13,0.0
-115.71,-15.93,0.0
-114.66,-15.99,0.0
-100.76,-16.05,0.0
-98.82,-15.95,0.0
-97.71,-16.03,0.0
-95.73,-16.13,0.0
-94.67,-16.09,0.0
-92.75,-15.95,0.0
-91.75,-16.09,0.0
-88.77,-16.04,0.0
-117.75,-16.06,0.0
-85.75,-15.99,0.0
-85.62,-15.91,0.0
-84.71,-16.01,0.0
-83.69,-15.95,0.0
-82.66,-16.15,0.0
-81.62,-15.97,0.0
-80.66,-16.11,0.0
-69.77,-15.93,0.0
-62.71,-15.96,0.0
-61.73,-15.91,0.0
-60.71,-16.01,0.0
-56.7,-16.01,0.0
-40.83,-16.15,0.0
-39.9,-15.76,0.0
-39.87,-15.71,0.0
-39.78,-15.61,0.0
-38.72,-15.71,0.0
-35.95,-15.91,0.0
-30.74,-16.01,0.0
-26.77,-16.31,0.0
-25.78,-16.26,0.0
-24.65,-16.35,0.0
-23.65,-16.41,0.0
-22.61,-16.61,0.0
-12.97,-17.01,0.0
-3.99,-17.35,0.0
-2.86,-17.04,0.0
-1.93,-17.21,0.0
-0.729999999996,-17.31,0.0
0.010000000002,-17.51,0.0
1.04,-17.16,0.0
3.25,-17.3,0.0
4.29,-17.11,0.0
6.39,-16.55,0.0
14.01,-15.97,0.0
16.17,-15.81,0.0
21.13,-15.47,0.0
24.13,-14.91,0.0
26.02,-14.76,0.0
28.03,-14.81,0.0
32.3,-14.66,0.0
42.94,-14.41,0.0
44.07,-14.66,0.0
45.03,-14.41,0.0
47.04,-14.31,0.0
47.06,-14.26,0.0
49.05,-14.31,0.0
51.08,-14.51,0.0
53.03,-14.61,0.0
55.13,-14.01,0.0
57.04,-14.11,0.0
71.05,-14.21,0.0
74.07,-13.71,0.0
86.08,-13.31,0.0
106.96,-13.31,0.0
210.36,-13.31,0.0
227.36,-13.31,0.0
228.37,-13.32,0.0
233.38,-13.33,0.0
240.37,-13.31,0.0
258.32,-13.31,0.0
262.35,-13.21,0.0
265.35,-13.29,0.0
271.32,-13.31,0.0
271.36,-13.27,0.0
