-0.010000000002,-26.15,0.0
29.97,-25.35,0.0
30.47,-24.85,0.0
33.5,-24.95,0.0
35.69,-24.75,0.0
48.48,-24.55,0.0
54.5,-24.05,0.0
55.49,-24.15,0.0
55.93,-25.05,0.0
18.5,-25.67,0.0
18.5,-25.65,0.0
19.4,-25.68,0.0
19.4,-25.25,0.0
21.4,-25.55,0.0
21.4,-25.3,0.0
24.4,-25.57,0.0
24.5,-25.5,0.0
26.4,-25.27,0.0
31.5,-25.35,0.0
34.5,-24.73,0.0
56.5,-24.05,0.0
62.4,-23.95,0.0
80.98,-23.15,0.0
108.39,-21.15,0.0
138.39,-21.15,0.0
28.95,-24.86,0.0
32.83,-24.56,0.0
61.89,-23.16,0.0
88.9,-21.46,0.0
26.44,-24.66,0.0
28.46,-24.56,0.0
138.8,-21.36,0.0
172.73,-21.36,0.0
