0.370000000003,-16.9,0.1
1.39,-16.8,0.1
2.44,-16.75,0.1
4.36,-16.55,0.1
10.4,-16.3,0.1
23.35,-15.9,0.1
26.32,-15.45,0.1
34.35,-15.45,0.1
59.29,-14.35,0.1
61.3,-14.0,0.1
63.37,-13.85,0.1
78.25,-13.0,0.1
87.25,-12.4,0.1
179.53,-12.15,0.1
260.5,-11.65,0.1
713.37,-11.05,0.1
7.5,-16.7,0.0
22.5,-15.92,0.0
30.5,-15.55,0.0
30.5,-15.83,0.0
50.5,-15.1,0.0
53.5,-14.9,0.0
56.5,-14.63,0.0
59.5,-13.86,0.0
3.69,-16.71,0.1
4.71,-16.7,0.1
5.74,-16.65,0.1
6.76,-16.57,0.1
7.7,-16.51,0.1
8.7,-16.44,0.1
9.68,-16.43,0.1
19.68,-15.79,0.1
20.7,-15.76,0.1
21.69,-15.82,0.1
22.69,-15.7,0.1
26.69,-15.69,0.1
28.68,-15.69,0.1
29.68,-15.6,0.1
