15.36,-19.031,0.0
15.38,-19.001,0.0
16.36,-18.911,0.0
16.38,-18.971,0.0
16.45,-18.961,0.0
17.32,-18.841,0.0
17.35,-18.771,0.0
17.41,-18.851,0.0
29.29,-18.541,0.0
30.3,-18.431,0.0
32.4,-18.391,0.0
33.3,-18.341,0.0
33.36,-18.371,0.0
33.4,-18.361,0.0
39.37,-18.011,0.0
39.39,-17.991,0.0
40.35,-17.861,0.0
40.37,-17.881,0.0
41.37,-17.871,0.0
41.38,-17.811,0.0
42.33,-17.761,0.0
45.4,-17.551,0.0
49.32,-17.131,0.0
49.39,-17.181,0.0
62.34,-16.821,0.0
63.34,-16.751,0.0
67.33,-16.701,0.0
71.32,-16.531,0.0
75.33,-16.521,0.0
96.28,-16.121,0.0
102.3,-15.971,0.0
250.61,-13.091,0.0
306.59,-12.831,0.0
0.400000000001,-20.161,0.0
7.7,-19.371,0.0
7.74,-19.391,0.0
8.73,-19.461,0.0
11.7,-19.141,0.0
11.77,-19.151,0.0
12.69,-19.141,0.0
12.7,-19.121,0.0
12.79,-19.141,0.0
13.65,-19.101,0.0
13.7,-19.161,0.0
14.64,-19.121,0.0
18.7,-18.941,0.0
26.7,-18.611,0.0
28.7,-18.521,0.0
29.7,-18.531,0.0
35.63,-18.171,0.0
36.65,-18.161,0.0
37.64,-18.151,0.0
37.64,-18.091,0.0
38.64,-18.001,0.0
41.7,-17.821,0.0
42.69,-17.761,0.0
43.65,-17.701,0.0
44.65,-17.631,0.0
45.65,-17.551,0.0
62.7,-16.731,0.0
63.7,-16.671,0.0
72.68,-16.411,0.0
73.7,-16.431,0.0
73.7,-16.661,0.0
109.7,-15.651,0.0
110.7,-15.491,0.0
5.39,-19.711,0.0
7.33,-19.611,0.0
17.39,-19.011,0.0
18.39,-19.161,0.0
33.35,-18.411,0.0
34.34,-18.461,0.0
37.35,-18.061,0.0
38.35,-18.011,0.0
43.39,-17.811,0.0
44.47,-17.761,0.0
62.43,-16.761,0.0
64.43,-16.611,0.0
69.38,-16.561,0.0
246.63,-12.761,0.0
303.55,-12.261,0.0
331.62,-12.011,0.0
