-1.85,-18.437,0.0
2.27,-18.287,0.0
7.23,-18.187,0.0
8.15,-18.187,0.0
13.15,-17.637,0.0
14.19,-17.637,0.0
33.3,-16.587,0.0
34.14,-16.537,0.0
36.14,-16.387,0.0
38.14,-16.237,0.0
42.14,-16.137,0.0
54.02,-15.337,0.0
58.06,-15.337,0.0
63.1,-14.937,0.0
66.11,-14.787,0.0
69.13,-14.487,0.0
85.02,-13.637,0.0
89.09,-13.437,0.0
97.1,-13.087,0.0
187.35,-12.137,0.0
181.3,-11.837,0.0
362.18,-10.437,0.0
363.19,-10.387,0.0
363.21,-10.437,0.0
0.0,-18.437,0.0
3.0,-18.277,0.0
73.0,-13.887,0.0
121.4,-12.637,0.0
128.4,-12.797,0.0
3.45,-18.247,0.0
4.41,-18.227,0.0
5.4,-18.187,0.0
6.41,-18.147,0.0
7.4,-18.077,0.0
7.4,-18.127,0.0
8.39,-18.037,0.0
8.41,-18.057,0.0
9.4,-17.977,0.0
9.42000000001,-17.987,0.0
10.44,-17.927,0.0
11.42,-17.857,0.0
18.37,-17.377,0.0
32.4,-16.577,0.0
33.4,-16.527,0.0
34.4,-16.447,0.0
35.41,-16.397,0.0
38.44,-16.237,0.0
39.4,-16.207,0.0
40.36,-16.157,0.0
54.37,-15.337,0.0
57.38,-15.247,0.0
124.79,-12.667,0.0
132.8,-12.887,0.0
185.72,-11.797,0.0
