-31.84,-13.38,0.0
-30.87,-13.78,0.0
-27.86,-13.48,0.0
-2.95,-16.12,0.0
-0.0500000000029,-16.19,0.0
-0.0200000000041,-16.17,0.0
0.00999999999476,-16.12,0.0
0.0499999999956,-16.3,0.0
0.0799999999945,-16.13,0.0
0.110000000001,-16.3,0.0
0.159999999996,-16.18,0.0
0.989999999998,-16.27,0.0
3.98,-16.3,0.0
4.03999999999,-16.21,0.0
5.03,-16.24,0.0
7.09,-16.09,0.0
7.1,-16.2,0.0
8.12,-15.94,0.0
9.0,-16.1,0.0
10.06,-15.96,0.0
18.96,-15.13,0.0
22.09,-15.38,0.0
24.05,-14.88,0.0
26.0,-14.87,0.0
31.01,-14.43,0.0
32.09,-14.48,0.0
34.03,-13.98,0.0
