0.779999999999,-17.992,0.015
0.779999999999,-18.013,0.015
2.68,-18.057,0.015
3.68,-18.116,0.015
4.57999999999,-18.064,0.015
5.68,-18.073,0.015
17.68,-17.627,0.015
18.78,-17.515,0.015
20.78,-17.282,0.015
23.58,-17.234,0.015
24.58,-17.037,0.015
25.78,-17.257,0.015
26.78,-17.038,0.015
28.68,-16.916,0.015
30.68,-16.744,0.015
32.68,-16.684,0.015
36.58,-16.558,0.015
38.68,-16.389,0.015
42.58,-16.335,0.015
44.58,-16.24,0.018
58.68,-16.046,0.018
69.68,-15.7,0.018
72.58,-15.588,0.018
76.58,-15.558,0.018
84.68,-15.316,0.018
95.58,-14.863,0.018
99.48,-14.218,0.018
102.48,-13.582,0.018
109.58,-13.318,0.018
143.38,-11.875,0.039
152.48,-11.978,0.039
10.4,-18.028,0.1
12.35,-17.958,0.1
13.35,-17.908,0.1
