1.62,-14.59,0.0
1.63,-14.6,0.0
2.63,-14.6,0.0
3.57999999999,-14.47,0.0
3.59,-14.52,0.0
3.64999999999,-14.54,0.0
4.7,-14.4,0.0
5.6,-14.26,0.0
6.6,-14.08,0.0
8.6,-13.93,0.0
9.75,-13.86,0.0
10.58,-13.79,0.0
11.56,-13.77,0.0
12.58,-13.74,0.0
13.7,-13.71,0.0
14.56,-13.69,0.0
15.56,-13.68,0.0
16.55,-13.67,0.0
17.56,-13.66,0.0
18.56,-13.66,0.0
21.58,-13.65,0.0
22.56,-13.66,0.0
23.56,-13.67,0.0
24.55,-13.68,0.0
25.56,-13.69,0.0
26.56,-13.69,0.0
27.55,-13.7,0.0
28.55,-13.73,0.0
29.56,-13.75,0.0
30.55,-13.76,0.0
31.55,-13.78,0.0
32.55,-13.8,0.0
34.61,-13.86,0.0
35.55,-13.88,0.0
36.64,-13.89,0.0
37.56,-13.94,0.0
38.55,-13.95,0.0
40.62,-14.02,0.0
41.7,-14.08,0.0
42.55,-14.08,0.0
44.56,-14.12,0.0
45.56,-14.15,0.0
47.56,-14.21,0.0
48.56,-14.25,0.0
49.55,-14.27,0.0
53.55,-14.39,0.0
54.65,-14.43,0.0
56.6,-14.48,0.0
57.55,-14.49,0.0
59.54,-14.55,0.0
60.54,-14.57,0.0
61.54,-14.59,0.0
62.54,-14.59,0.0
64.54,-14.63,0.0
66.55,-14.74,0.0
67.53,-14.71,0.0
68.53,-14.69,0.0
69.52,-14.72,0.0
73.53,-14.77,0.0
74.56,-14.81,0.0
75.56,-14.81,0.0
80.6,-14.81,0.0
82.53,-14.81,0.0
84.52,-14.79,0.0
85.53,-14.8,0.0
86.52,-14.8,0.0
91.52,-14.8,0.0
92.53,-14.77,0.0
93.5,-14.73,0.0
97.52,-14.64,0.0
99.51,-14.56,0.0
102.5,-14.43,0.0
104.5,-14.33,0.0
105.51,-14.27,0.0
109.51,-14.06,0.0
111.5,-13.91,0.0
112.5,-13.85,0.0
115.52,-13.67,0.0
115.98,-13.63,0.0
116.51,-13.61,0.0
117.51,-13.55,0.0
118.5,-13.51,0.0
120.98,-13.43,0.0
122.52,-13.4,0.0
125.98,-13.33,0.0
128.5,-13.29,0.0
130.52,-13.27,0.0
131.51,-13.26,0.0
132.52,-13.25,0.0
133.51,-13.25,0.0
134.98,-13.23,0.0
135.99,-13.23,0.0
137.0,-13.22,0.0
139.97,-13.22,0.0
140.91,-13.19,0.0
141.99,-13.17,0.0
147.99,-13.11,0.0
148.97,-13.11,0.0
149.97,-13.1,0.0
150.91,-13.09,0.0
155.95,-13.06,0.0
156.95,-13.04,0.0
157.95,-13.04,0.0
159.95,-13.01,0.0
163.97,-12.99,0.0
164.98,-12.99,0.0
170.83,-12.94,0.0
171.88,-12.94,0.0
172.86,-12.93,0.0
173.97,-12.91,0.0
175.88,-12.92,0.0
177.97,-12.88,0.0
178.97,-12.86,0.0
181.93,-12.86,0.0
183.87,-12.85,0.0
183.87,-12.85,0.0
184.9,-12.84,0.0
190.96,-12.81,0.0
191.85,-12.81,0.0
193.8,-12.79,0.0
194.84,-12.77,0.0
195.78,-12.76,0.0
196.8,-12.75,0.0
197.84,-12.75,0.0
198.97,-12.72,0.0
199.86,-12.73,0.0
202.91,-12.71,0.0
204.93,-12.7,0.0
205.88,-12.68,0.0
205.88,-12.69,0.0
206.92,-12.68,0.0
213.93,-12.64,0.0
218.82,-12.61,0.0
220.8,-12.61,0.0
221.87,-12.58,0.0
222.92,-12.57,0.0
223.93,-12.56,0.0
224.82,-12.57,0.0
225.82,-12.56,0.0
227.72,-12.54,0.0
228.82,-12.52,0.0
230.89,-12.51,0.0
231.85,-12.51,0.0
232.93,-12.5,0.0
235.79,-12.47,0.0
236.83,-12.48,0.0
240.88,-12.46,0.0
246.68,-12.4,0.0
248.76,-12.4,0.0
249.67,-12.39,0.0
250.77,-12.38,0.0
251.71,-12.37,0.0
252.75,-12.37,0.0
253.75,-12.36,0.0
254.82,-12.35,0.0
255.75,-12.35,0.0
256.68,-12.34,0.0
257.89,-12.33,0.0
258.79,-12.36,0.0
259.82,-12.33,0.0
260.66,-12.32,0.0
263.59,-12.29,0.0
264.6,-12.28,0.0
265.68,-12.28,0.0
266.64,-12.27,0.0
268.74,-12.27,0.0
269.57,-12.26,0.0
270.69,-12.24,0.0
271.78,-12.24,0.0
272.76,-12.22,0.0
273.6,-12.22,0.0
273.78,-12.23,0.0
274.63,-12.22,0.0
275.67,-12.21,0.0
276.76,-12.2,0.0
277.7,-12.19,0.0
279.65,-12.19,0.0
281.68,-12.18,0.0
282.78,-12.17,0.0
283.73,-12.16,0.0
285.74,-12.15,0.0
286.7,-12.13,0.0
288.76,-12.13,0.0
291.65,-12.11,0.0
292.7,-12.1,0.0
293.65,-12.1,0.0
294.67,-12.09,0.0
295.58,-12.09,0.0
297.64,-12.08,0.0
298.59,-12.07,0.0
299.67,-12.05,0.0
302.64,-12.04,0.0
302.74,-12.05,0.0
303.74,-12.03,0.0
304.82,-12.02,0.0
305.75,-12.01,0.0
306.63,-12.0,0.0
307.64,-12.0,0.0
308.61,-12.0,0.0
309.64,-11.99,0.0
310.68,-11.98,0.0
312.89,-11.98,0.0
313.68,-11.96,0.0
314.7,-11.96,0.0
315.7,-11.95,0.0
316.7,-11.94,0.0
317.75,-11.94,0.0
318.68,-11.93,0.0
319.8,-11.93,0.0
320.52,-11.92,0.0
321.6,-11.92,0.0
322.71,-11.91,0.0
323.69,-11.9,0.0
324.71,-11.89,0.0
325.7,-11.88,0.0
326.6,-11.87,0.0
327.63,-11.87,0.0
328.68,-11.85,0.0
332.75,-11.83,0.0
333.76,-11.83,0.0
335.77,-11.81,0.0
336.77,-11.8,0.0
337.63,-11.8,0.0
338.62,-11.79,0.0
339.62,-11.79,0.0
341.6,-11.78,0.0
342.68,-11.77,0.0
343.63,-11.76,0.0
344.59,-11.75,0.0
345.61,-11.75,0.0
346.6,-11.74,0.0
348.75,-11.73,0.0
351.76,-11.71,0.0
352.75,-11.7,0.0
353.74,-11.7,0.0
354.67,-11.68,0.0
355.72,-11.66,0.0
359.7,-11.65,0.0
362.57,-11.63,0.0
363.57,-11.61,0.0
364.57,-11.61,0.0
365.61,-11.61,0.0
367.61,-11.61,0.0
369.63,-11.59,0.0
370.62,-11.57,0.0
373.61,-11.54,0.0
374.61,-11.54,0.0
380.58,-11.5,0.0
383.59,-11.47,0.0
385.58,-11.46,0.0
386.55,-11.45,0.0
387.55,-11.45,0.0
389.56,-11.42,0.0
390.56,-11.42,0.0
391.56,-11.42,0.0
392.56,-11.41,0.0
393.56,-11.4,0.0
394.56,-11.4,0.0
396.55,-11.38,0.0
397.55,-11.37,0.0
398.55,-11.36,0.0
400.55,-11.35,0.0
401.55,-11.34,0.0
402.54,-11.33,0.0
403.55,-11.32,0.0
409.56,-11.28,0.0
410.54,-11.26,0.0
411.67,-11.26,0.0
412.54,-11.25,0.0
413.54,-11.24,0.0
414.54,-11.18,0.0
415.57,-11.23,0.0
416.59,-11.22,0.0
417.54,-11.21,0.0
418.53,-11.2,0.0
420.53,-11.18,0.0
424.54,-11.15,0.0
425.54,-11.13,0.0
428.54,-11.12,0.0
429.64,-11.12,0.0
430.68,-11.1,0.0
431.55,-11.1,0.0
432.54,-11.07,0.0
433.54,-11.07,0.0
434.53,-11.08,0.0
436.52,-11.06,0.0
437.52,-11.03,0.0
438.52,-11.04,0.0
439.52,-11.03,0.0
440.52,-11.02,0.0
441.53,-11.0,0.0
442.53,-10.92,0.0
447.53,-10.95,0.0
448.52,-10.94,0.0
449.55,-10.93,0.0
461.56,-10.77,0.0
467.56,-10.75,0.0
471.98,-10.67,0.0
472.98,-10.68,0.0
473.51,-10.69,0.0
478.52,-10.65,0.0
479.53,-10.63,0.0
480.53,-10.62,0.0
481.52,-10.61,0.0
484.54,-10.58,0.0
486.98,-10.57,0.0
487.94,-10.54,0.0
493.97,-10.48,0.0
503.96,-10.41,0.0
504.96,-10.35,0.0
505.96,-10.32,0.0
506.94,-10.34,0.0
509.94,-10.3,0.0
512.96,-10.27,0.0
517.94,-10.2,0.0
518.93,-10.19,0.0
522.93,-10.15,0.0
526.93,-10.08,0.0
530.94,-10.03,0.0
534.94,-9.98,0.0
538.92,-9.91,0.0
544.95,-9.82,0.0
549.9,-9.74,0.0
558.86,-9.62,0.0
562.83,-9.54,0.0
566.8,-9.47,0.0
572.8,-9.38,0.0
576.84,-9.32,0.0
578.92,-9.29,0.0
581.87,-9.24,0.0
586.81,-9.14,0.0
589.87,-9.11,0.0
594.84,-9.01,0.0
598.72,-8.93,0.0
603.89,-8.87,0.0
608.77,-8.75,0.0
612.73,-8.71,0.0
616.73,-8.65,0.0
620.78,-8.59,0.0
625.74,-8.52,0.0
630.77,-8.46,0.0
635.87,-8.39,0.0
642.73,-8.27,0.0
647.85,-8.23,0.0
652.69,-8.14,0.0
657.85,-8.08,0.0
662.63,-8.0,0.0
667.67,-7.92,0.0
671.66,-7.85,0.0
676.67,-7.79,0.0
682.75,-7.72,0.0
687.68,-7.63,0.0
692.69,-7.6,0.0
698.62,-7.48,0.0
703.62,-7.47,0.0
709.64,-7.39,0.0
714.6,-7.31,0.0
720.61,-7.28,0.0
729.6,-7.15,0.0
734.6,-7.1,0.0
740.62,-7.06,0.0
744.61,-7.0,0.0
751.58,-6.98,0.0
757.58,-6.88,0.0
759.57,-6.8,0.0
767.57,-6.76,0.0
772.55,-6.67,0.0
779.57,-6.64,0.0
784.53,-6.61,0.0
791.53,-6.55,0.0
3.89,-14.51,0.0
4.95,-14.37,0.0
5.93,-14.17,0.0
6.95,-14.08,0.0
7.93,-13.97,0.0
8.92,-13.91,0.0
9.92,-13.84,0.0
10.92,-13.79,0.0
13.92,-13.68,0.0
14.95,-13.67,0.0
15.94,-13.65,0.0
16.96,-13.63,0.0
18.84,-13.66,0.0
19.86,-13.62,0.0
20.9,-13.61,0.0
23.9,-13.65,0.0
24.87,-13.65,0.0
25.88,-13.66,0.0
26.89,-13.67,0.0
30.9,-13.73,0.0
31.89,-13.76,0.0
32.88,-13.78,0.0
33.9,-13.81,0.0
34.89,-13.83,0.0
35.91,-13.84,0.0
36.91,-13.88,0.0
37.89,-13.91,0.0
39.86,-13.97,0.0
41.84,-14.02,0.0
42.84,-14.05,0.0
43.82,-14.08,0.0
44.84,-14.11,0.0
45.83,-14.13,0.0
46.86,-14.16,0.0
47.82,-14.2,0.0
51.83,-14.31,0.0
52.81,-14.33,0.0
53.86,-14.36,0.0
54.83,-14.39,0.0
58.8,-14.49,0.0
59.85,-14.5,0.0
62.81,-14.58,0.0
63.8,-14.61,0.0
68.82,-14.68,0.0
69.79,-14.69,0.0
70.81,-14.7,0.0
73.81,-14.73,0.0
74.79,-14.74,0.0
75.8,-14.74,0.0
76.81,-14.75,0.0
79.8,-14.76,0.0
80.79,-14.77,0.0
81.84,-14.76,0.0
85.84,-14.76,0.0
86.78,-14.77,0.0
87.8,-14.76,0.0
89.8,-14.74,0.0
93.78,-14.68,0.0
95.78,-14.65,0.0
98.79,-14.56,0.0
101.77,-14.44,0.0
102.76,-14.37,0.0
103.82,-14.34,0.0
104.8,-14.23,0.0
106.78,-14.17,0.0
107.78,-14.1,0.0
108.77,-14.04,0.0
109.78,-13.99,0.0
110.8,-13.91,0.0
111.79,-13.85,0.0
113.79,-13.71,0.0
114.77,-13.66,0.0
115.77,-13.6,0.0
116.79,-13.53,0.0
117.78,-13.49,0.0
118.78,-13.44,0.0
119.78,-13.4,0.0
121.79,-13.34,0.0
122.78,-13.32,0.0
123.78,-13.31,0.0
125.79,-13.25,0.0
128.8,-13.23,0.0
129.77,-13.22,0.0
130.78,-13.2,0.0
131.78,-13.19,0.0
132.23,-13.21,0.0
157.21,-13.0,0.0
158.19,-12.99,0.0
159.2,-12.98,0.0
160.19,-12.97,0.0
164.21,-12.95,0.0
175.21,-12.87,0.0
177.19,-12.86,0.0
188.2,-12.78,0.0
192.19,-12.75,0.0
195.15,-12.74,0.0
198.15,-12.71,0.0
201.1,-12.69,0.0
205.09,-12.66,0.0
215.11,-12.6,0.0
238.12,-12.46,0.0
240.03,-12.43,0.0
246.07,-12.41,0.0
247.13,-12.4,0.0
254.06,-12.36,0.0
257.1,-12.31,0.0
260.94,-12.31,0.0
268.0,-12.26,0.0
272.09,-12.23,0.0
274.07,-12.23,0.0
281.05,-12.18,0.0
286.01,-12.15,0.0
293.12,-12.1,0.0
295.99,-12.08,0.0
297.95,-12.07,0.0
299.08,-12.07,0.0
299.92,-12.06,0.0
301.06,-12.05,0.0
301.97,-12.04,0.0
308.96,-12.0,0.0
316.92,-11.95,0.0
321.93,-11.91,0.0
328.92,-11.87,0.0
330.91,-11.86,0.0
337.9,-11.81,0.0
339.93,-11.8,0.0
344.94,-11.77,0.0
345.95,-11.76,0.0
348.91,-11.73,0.0
355.9,-11.69,0.0
361.93,-11.65,0.0
368.87,-11.6,0.0
371.85,-11.58,0.0
377.88,-11.53,0.0
381.85,-11.5,0.0
386.84,-11.46,0.0
390.87,-11.42,0.0
393.91,-11.41,0.0
395.86,-11.39,0.0
399.82,-11.36,0.0
401.84,-11.35,0.0
401.84,-11.35,0.0
408.86,-11.29,0.0
415.81,-11.23,0.0
418.83,-11.21,0.0
421.85,-11.19,0.0
426.82,-11.14,0.0
436.83,-11.06,0.0
439.82,-11.03,0.0
455.8,-10.89,0.0
476.83,-10.68,0.0
476.83,-10.69,0.0
494.21,-10.5,0.0
516.23,-10.24,0.0
517.23,-10.23,0.0
518.19,-10.21,0.0
526.2,-10.11,0.0
532.21,-10.03,0.0
548.18,-9.79,0.0
563.21,-9.58,0.0
569.18,-9.46,0.0
571.1,-9.43,0.0
575.15,-9.34,0.0
581.01,-9.26,0.0
583.99,-9.21,0.0
589.09,-9.11,0.0
593.91,-9.03,0.0
596.95,-8.97,0.0
599.11,-8.94,0.0
603.09,-8.87,0.0
606.99,-8.81,0.0
609.11,-8.79,0.0
611.12,-8.76,0.0
616.03,-8.66,0.0
620.99,-8.57,0.0
634.93,-8.37,0.0
638.03,-8.32,0.0
638.03,-8.32,0.0
638.03,-8.34,0.0
639.03,-8.31,0.0
639.03,-8.31,0.0
639.03,-8.34,0.0
640.06,-8.29,0.0
640.06,-8.28,0.0
642.97,-8.29,0.0
643.0,-8.25,0.0
644.02,-8.26,0.0
644.04,-8.23,0.0
656.04,-8.02,0.0
663.9,-7.95,0.0
667.98,-7.9,0.0
674.97,-7.8,0.0
676.91,-7.75,0.0
680.84,-7.67,0.0
689.83,-7.6,0.0
693.83,-7.54,0.0
701.98,-7.43,0.0
709.86,-7.35,0.0
710.87,-7.35,0.0
711.86,-7.34,0.0
717.86,-7.26,0.0
718.86,-7.25,0.0
728.88,-7.11,0.0
770.82,-6.78,0.0
770.82,-6.78,0.0
812.78,-6.42,0.0
