0.800000000003,-16.8,0.0
1.8,-16.75,0.0
2.65,-16.69,0.0
2.8,-16.7,0.0
3.8,-16.6,0.0
4.65,-16.53,0.0
5.64,-16.34,0.0
6.64,-16.22,0.0
7.63,-15.97,0.0
14.64,-15.12,0.0
14.66,-14.94,0.0
17.66,-14.78,0.0
19.64,-14.74,0.0
20.64,-14.75,0.0
20.65,-14.68,0.0
21.64,-14.57,0.0
22.64,-14.62,0.0
23.64,-14.46,0.0
23.65,-14.49,0.0
24.64,-14.51,0.0
25.64,-14.49,0.0
25.64,-14.52,0.0
25.65,-14.56,0.0
28.65,-14.39,0.0
29.65,-14.36,0.0
33.47,-14.16,0.0
34.47,-14.18,0.0
35.5,-14.22,0.0
36.4,-14.09,0.0
38.64,-14.18,0.0
53.62,-13.83,0.0
53.66,-13.81,0.0
54.41,-13.81,0.0
54.61,-13.71,0.0
54.68,-13.75,0.0
55.33,-13.66,0.0
55.59,-13.74,0.0
57.63,-13.69,0.0
59.63,-13.68,0.0
70.59,-13.31,0.0
73.67,-13.41,0.0
74.47,-13.41,0.0
75.6,-13.3,0.0
79.55,-13.21,0.0
84.35,-13.01,0.0
85.34,-13.01,0.0
85.71,-12.95,0.0
89.54,-13.03,0.0
117.49,-12.68,0.0
117.55,-12.42,0.0
139.59,-11.88,0.0
143.4,-11.78,0.0
173.59,-11.6,0.0
203.32,-10.53,0.0
