-12.47,-18.33,0.02
-11.52,-18.51,0.02
-11.67,-18.58,0.01
-10.68,-18.85,0.01
-8.65,-19.25,0.01
-6.62,-19.53,0.01
21.24,-17.92,0.01
21.24,-17.83,0.01
52.35,-16.54,0.01
94.19,-15.89,0.02
218.14,-14.33,0.06
218.14,-14.36,0.06
219.14,-14.25,0.06
228.14,-14.27,0.06
278.58,-13.65,0.05
282.5,-13.57,0.04
283.34,-13.56,0.04
306.46,-13.29,0.06
311.14,-13.06,0.1
313.14,-13.06,0.1
317.35,-12.89,0.07
371.37,-12.32,0.05
454.35,-11.34,0.1
604.35,-10.27,0.1
635.35,-10.29,0.1
670.47,-10.23,0.1
671.47,-10.1,0.0
686.35,-10.28,0.1
728.28,-10.25,0.1
729.28,-10.25,0.1
1053.46,-9.88,0.11
1107.3,-10.18,0.11
1112.33,-10.01,0.11
1784.45,-9.82,0.12
-10.86,-18.8,0.0
-7.3,-19.37,0.0
-0.309999999998,-19.65,0.0
1.65,-19.56,0.0
-7.55,-19.56,0.0
-7.55,-19.55,0.0
7.45,-19.33,0.0
64.51,-16.4,0.0
65.55,-16.39,0.0
-11.55,-18.598,0.016
-10.56,-18.861,0.016
-9.66,-18.948,0.016
-8.65,-19.158,0.016
-2.62,-19.562,0.016
-0.68,-19.591,0.016
-0.68,-19.603,0.016
0.330000000002,-19.595,0.016
0.330000000002,-19.59,0.016
1.37,-19.614,0.016
1.37,-19.569,0.016
2.3,-19.616,0.016
2.3,-19.599,0.016
5.38,-19.478,0.016
6.28,-19.474,0.016
6.28,-19.453,0.016
7.35,-19.398,0.016
7.36,-19.391,0.016
8.26,-19.351,0.016
8.26,-19.339,0.016
10.31,-19.173,0.016
11.23,-19.062,0.016
11.23,-19.102,0.016
13.25,-18.902,0.016
15.18,-18.707,0.016
15.18,-18.71,0.016
18.3,-18.345,0.016
20.23,-18.179,0.016
20.24,-18.161,0.016
30.27,-17.239,0.016
30.27,-17.239,0.017
39.3,-17.008,0.016
39.3,-17.003,0.016
45.15,-16.754,0.016
56.17,-16.54,0.017
56.17,-16.564,0.017
63.18,-16.447,0.016
64.15,-16.379,0.016
64.15,-16.391,0.016
65.14,-16.413,0.016
65.14,-16.393,0.016
67.16,-16.422,0.016
70.15,-16.376,0.017
84.17,-16.195,0.016
253.51,-13.814,0.019
254.51,-13.797,0.018
316.46,-12.865,0.018
345.45,-12.476,0.023
356.31,-12.394,0.078
401.21,-11.656,0.078
401.22,-11.537,0.097
222.48,-14.11,0.03
367.48,-12.31,0.03
401.48,-11.88,0.03
638.48,-10.3,0.05
692.58,-10.11,0.08
757.48,-10.03,0.07
956.68,-10.01,0.15
