13.8100000001,-16.803,0.017
15.6200000001,-16.717,0.026
17.8999999999,-16.692,0.017
21.8500000001,-16.568,0.025
25.6699999999,-16.412,0.098
26.6699999999,-16.517,0.052
39.8399999999,-16.213,0.017
50.6000000001,-15.928,0.043
51.6499999999,-15.901,0.044
53.5299999998,-15.814,0.048
54.6600000001,-15.774,0.042
55.5899999999,-15.805,0.039
56.6299999999,-15.677,0.038
57.7000000002,-15.752,0.044
79.5800000001,-13.549,0.145
80.5699999998,-13.997,0.323
93.6899999999,-13.41,0.071
99.5699999998,-13.387,0.072
113.6,-13.266,0.235
116.59,-13.247,0.166
127.61,-13.104,0.075
