7.54,-16.05,0.0
7.54,-16.04,0.0
181.66,-12.47,0.0
181.66,-12.49,0.0
239.68,-11.81,0.0
274.54,-11.05,0.0
300.47,-10.76,0.0
300.47,-10.79,0.0
329.58,-10.39,0.0
330.58,-10.34,0.0
-16.42,-17.32,0.0
0.550000000003,-16.57,0.0
3.48,-16.57,0.0
63.46,-14.17,0.0
206.52,-11.87,0.0
214.63,-11.77,0.0
-4.2,-16.41,0.0
-3.24,-16.62,0.0
-2.58,-16.49,0.0
-1.49,-16.67,0.0
-0.549999999996,-16.71,0.0
0.470000000001,-16.69,0.0
0.650000000001,-16.7,0.0
3.46,-16.57,0.0
5.58,-16.25,0.0
6.58,-16.16,0.0
7.58,-16.03,0.0
-16.53,-17.34,0.0
-16.36,-17.27,0.0
-15.44,-16.91,0.0
-14.52,-16.56,0.0
-14.34,-16.45,0.0
-13.43,-16.19,0.0
-13.26,-16.13,0.0
-12.52,-16.0,0.0
-12.33,-15.89,0.0
-11.47,-15.84,0.0
-11.34,-15.84,0.0
-10.51,-15.86,0.0
-10.45,-15.87,0.0
-10.32,-15.88,0.0
-9.43,-15.91,0.0
-8.4,-16.06,0.0
-8.32,-16.06,0.0
-7.44,-16.19,0.0
-6.35,-16.28,0.0
-6.25999999999,-16.3,0.0
-5.53,-16.38,0.0
-5.49,-16.4,0.0
-5.41,-16.4,0.0
-5.36,-16.39,0.0
-4.49,-16.48,0.0
-3.55,-16.59,0.0
-3.42,-16.57,0.0
-2.54,-16.63,0.0
-2.38,-16.64,0.0
-1.54,-16.69,0.0
-1.44,-16.7,0.0
-0.540000000001,-16.72,0.0
-0.369999999995,-16.71,0.0
0.470000000001,-16.73,0.0
0.580000000002,-16.72,0.0
1.51,-16.71,0.0
5.54,-16.36,0.0
7.49000000001,-16.05,0.0
8.47,-15.88,0.0
9.49000000001,-15.72,0.0
9.49000000001,-15.72,0.0
11.49,-15.44,0.0
12.45,-15.29,0.0
13.48,-15.26,0.0
14.46,-15.14,0.0
19.47,-14.84,0.0
28.48,-14.57,0.0
29.48,-14.54,0.0
30.46,-14.5,0.0
32.57,-14.48,0.0
36.46,-14.43,0.0
38.49,-14.38,0.0
39.46,-14.39,0.0
64.48,-14.2,0.0
65.52,-14.19,0.0
66.5,-14.18,0.0
68.5,-14.16,0.0
90.52,-13.94,0.0
105.51,-13.78,0.0
152.46,-13.0,0.0
204.53,-12.08,0.0
264.89,-11.62,0.0
