-9.78,-17.66,0.0
-8.74,-18.01,0.0
-7.79,-18.25,0.0
-6.81,-18.51,0.0
-5.78,-18.66,0.0
-4.78,-18.82,0.0
-3.76,-18.93,0.0
-2.78,-19.03,0.0
-1.78,-19.06,0.0
-0.800000000003,-19.08,0.0
1.2,-19.08,0.0
2.2,-19.03,0.0
3.2,-19.01,0.0
4.2,-18.93,0.0
5.2,-18.9,0.0
6.2,-18.79,0.0
7.2,-18.67,0.0
8.2,-18.59,0.0
9.2,-18.48,0.0
12.2,-18.12,0.0
13.2,-17.97,0.0
14.2,-17.82,0.0
23.2,-16.64,0.0
25.2,-16.46,0.0
27.2,-16.32,0.0
46.2,-15.65,0.0
50.1,-15.63,0.0
54.2,-15.56,0.0
65.2,-15.47,0.0
78.2,-15.31,0.0
78.0,-15.25,0.0
79.96,-15.28,0.0
84.0,-15.17,0.0
96.97,-14.93,0.0
114.0,-14.66,0.0
293.0,-12.3,0.0
313.35,-11.81,0.0
320.35,-11.85,0.0
321.29,-11.89,0.0
336.37,-11.46,0.0
343.8,-11.17,0.0
344.0,-11.13,0.0
399.0,-10.36,0.0
433.0,-10.01,0.2
-11.6,-16.69,0.0
-9.67,-17.63,0.0
-8.6,-18.03,0.0
-7.61,-18.31,0.0
-5.6,-18.66,0.0
0.480000000003,-18.98,0.0
1.4,-19.0,0.0
5.47,-18.79,0.0
7.42,-18.62,0.0
10.34,-18.32,0.0
11.33,-18.16,0.0
12.33,-18.04,0.0
14.31,-17.75,0.0
15.45,-17.61,0.0
17.27,-17.29,0.0
18.46,-17.12,0.0
21.29,-16.75,0.0
22.26,-16.66,0.0
28.23,-16.11,0.0
29.25,-16.09,0.0
30.24,-16.09,0.0
32.26,-16.0,0.0
37.35,-15.81,0.0
38.38,-15.8,0.0
39.37,-15.7,0.0
40.31,-15.78,0.0
42.22,-15.71,0.0
46.33,-15.55,0.0
48.18,-15.54,0.0
54.2,-15.43,0.0
63.27,-15.3,0.0
70.23,-15.13,0.0
72.27,-15.09,0.0
75.22,-15.09,0.0
-8.61,-18.06,0.0
-7.61,-18.39,0.0
-3.6,-18.92,0.0
22.31,-16.66,0.0
23.31,-16.64,0.0
25.31,-16.5,0.0
28.31,-16.31,0.0
30.28,-16.13,0.0
31.28,-16.18,0.0
37.27,-16.02,0.0
38.27,-15.89,0.0
-6.59,-18.55,0.0
-5.6,-18.64,0.0
-5.63,-18.83,0.0
-2.73,-18.95,0.0
1.25,-19.03,0.0
2.25,-18.99,0.0
3.28,-18.94,0.0
7.32,-18.67,0.0
8.25,-18.58,0.0
-10.84,-17.28,0.01
-9.82,-17.69,0.01
-8.86,-17.98,0.02
-5.89,-18.65,0.01
-4.85,-18.79,0.01
-3.88,-18.89,0.01
-1.0,-19.07,0.01
0.0,-19.05,0.01
0.970000000001,-19.05,0.01
18.14,-17.26,0.01
19.01,-17.15,0.01
36.9,-15.95,0.04
54.88,-15.62,0.03
-2.04,-18.74,0.0
-2.01,-18.76,0.0
-1.02,-18.92,0.0
9.77,-18.18,0.0
11.92,-17.96,0.0
13.0,-17.84,0.0
20.8,-16.92,0.0
21.79,-16.83,0.0
24.87,-16.72,0.0
25.94,-16.64,0.0
37.82,-15.88,0.0
63.82,-15.25,0.0
-10.8,-17.3,0.0
-10.84,-17.22,0.0
-9.92,-17.49,0.0
-9.83,-17.62,0.0
-9.3,-17.91,0.0
-8.34,-18.16,0.0
-8.23,-18.21,0.0
-7.95,-18.21,0.0
-6.95,-18.43,0.0
-6.33,-18.62,0.0
