-4.95,-16.42,0.03
-2.01,-16.88,0.02
-2.98,-16.86,0.08
4.04,-16.77,0.03
4.92,-16.65,0.03
5.98,-16.27,0.02
6.94,-16.27,0.02
31.91,-14.22,0.08
35.87,-14.27,0.11
36.85,-14.07,0.08
43.92,-13.95,0.07
44.97,-13.97,0.09
52.89,-13.77,0.06
54.81,-13.9,0.17
61.81,-13.62,0.18
-0.0400000000009,-17.15,0.21
3.05,-17.02,0.07
4.05,-16.81,0.04
4.95,-16.6,0.04
5.98,-16.48,0.03
19.92,-14.83,0.32
4.97,-16.72,0.0
6.1,-16.46,0.0
37.06,-14.05,0.0
64.98,-13.35,0.0
96.92,-12.88,0.0
97.9,-12.78,0.0
121.81,-12.73,0.0
-4.1,-16.67,0.0
-2.0,-16.94,0.0
0.0,-17.08,0.0
5.1,-16.65,0.0
7.9,-16.09,0.0
8.7,-16.01,0.0
12.9,-15.42,0.0
26.9,-14.52,0.0
29.0,-14.48,0.0
29.9,-14.35,0.0
30.8,-14.41,0.0
32.9,-14.35,0.0
33.9,-14.24,0.0
34.9,-14.28,0.0
36.8,-14.12,0.0
39.0,-14.02,0.0
52.9,-13.77,0.0
97.9,-12.78,0.0
121.8,-12.73,0.0
