7.38,-14.25,0.0
10.39,-14.95,0.0
13.38,-15.31,0.0
14.37,-15.38,0.0
15.39,-15.42,0.0
19.4,-15.58,0.0
20.34,-15.6,0.0
23.37,-15.45,0.0
25.26,-15.29,0.0
27.25,-15.07,0.0
29.34,-14.81,0.0
31.31,-14.54,0.0
32.3,-14.42,0.0
33.18,-14.32,0.0
35.31,-14.13,0.0
36.26,-14.09,0.0
37.28,-14.01,0.0
38.31,-13.99,0.0
42.29,-13.91,0.0
46.25,-13.79,0.0
48.2,-13.72,0.0
50.25,-13.69,0.0
51.24,-13.69,0.0
53.28,-13.63,0.0
54.28,-13.65,0.0
56.3,-13.67,0.0
59.28,-13.61,0.0
61.28,-13.63,0.0
67.22,-13.49,0.0
78.21,-13.44,0.0
80.17,-13.38,0.0
84.2,-13.33,0.0
87.15,-13.22,0.0
92.15,-13.15,0.0
