-3.72,-19.21,0.05
-3.7,-19.12,0.03
-2.7,-19.16,0.02
-2.7,-19.16,0.02
-1.75,-19.23,0.01
-0.779999999999,-19.25,0.02
0.300000000003,-19.24,0.04
0.889999999999,-19.28,0.15
1.3,-19.21,0.03
2.0,-19.2,0.01
3.0,-19.2,0.01
3.3,-19.14,0.03
4.3,-19.08,0.03
6.2,-18.99,0.01
6.3,-18.93,0.03
7.21,-18.88,0.01
8.22,-18.8,0.01
8.3,-18.74,0.03
9.15,-18.71,0.01
9.3,-18.65,0.03
10.12,-18.59,0.01
11.12,-18.51,0.02
11.3,-18.4,0.03
16.99,-17.67,0.03
18.98,-17.4,0.01
19.3,-17.4,0.03
20.2,-17.3,0.02
22.0,-17.21,0.01
23.0,-17.0,0.01
24.2,-16.91,0.03
25.2,-16.81,0.03
26.27,-16.71,0.01
29.19,-16.49,0.01
29.2,-16.5,0.02
31.33,-16.41,0.03
34.2,-16.28,0.02
35.1,-16.2,0.04
39.17,-16.06,0.01
48.15,-15.88,0.03
60.15,-15.69,0.02
71.98,-15.55,0.01
89.16,-15.42,0.02
95.06,-15.31,0.01
142.14,-14.4,0.05
259.34,-12.77,0.08
298.52,-12.52,0.02
347.0,-11.5,0.07
365.0,-11.14,0.07
501.21,-8.78,0.13
501.21,-8.82,0.2
