9.04,-18.88,0.0
10.0,-19.16,0.0
12.0,-19.45,0.0
15.95,-19.67,0.0
19.4,-19.83,0.0
24.97,-19.64,0.0
25.95,-19.53,0.0
26.97,-19.52,0.0
27.95,-19.45,0.0
28.93,-19.45,0.0
29.95,-19.38,0.0
31.04,-19.25,0.0
31.91,-19.26,0.0
33.97,-19.17,0.0
41.92,-18.75,0.0
42.93,-18.65,0.0
46.92,-18.48,0.0
48.9,-18.36,0.0
52.93,-18.1,0.0
55.86,-17.87,0.0
66.85,-17.45,0.0
71.84,-17.13,0.0
84.86,-16.52,0.0
21.7,-19.73,0.15
22.7,-19.67,0.1
29.4,-19.47,0.03
34.3,-19.26,0.03
35.3,-19.03,0.03
38.6,-18.96,0.04
39.2,-18.9,0.03
40.2,-18.87,0.03
42.2,-18.7,0.04
46.3,-18.53,0.03
48.3,-18.4,0.045
54.3,-18.1,0.035
58.2,-17.92,0.05
62.3,-17.75,0.03
70.3,-17.41,0.03
78.3,-16.98,0.047
80.3,-16.83,0.038
82.3,-16.67,0.03
99.4,-16.07,0.04
103.6,-15.91,0.06
105.3,-15.58,0.042
126.3,-15.37,0.035
130.2,-15.23,0.05
131.3,-15.28,0.03
152.3,-14.84,0.085
