-5.91,-18.99,0.005
-4.94,-19.07,0.008
-3.95,-19.12,0.01
-2.92,-19.18,0.007
-1.95,-19.2,0.004
-1.97,-19.21,0.004
-0.0199999999968,-19.22,0.006
1.03,-19.19,0.019
5.97,-18.97,0.016
10.95,-18.55,0.009
12.0,-18.45,0.011
14.96,-18.1,0.012
29.97,-16.59,0.011
30.98,-16.55,0.011
34.02,-16.41,0.019
34.95,-16.35,0.008
43.98,-16.13,0.015
44.0,-16.11,0.015
44.96,-16.09,0.007
45.98,-16.07,0.007
46.98,-16.07,0.014
48.97,-16.04,0.014
50.0,-16.02,0.015
50.96,-16.01,0.014
51.95,-15.98,0.014
52.96,-15.98,0.014
53.95,-15.95,0.013
54.95,-15.93,0.013
-5.87,-18.95,0.11
-4.85,-19.01,0.09
-3.83,-19.13,0.02
-1.92,-19.14,0.07
-1.82,-19.21,0.02
-0.879999999997,-19.13,0.07
-0.839999999997,-19.21,0.02
0.129999999997,-19.08,0.11
0.199999999997,-19.18,0.02
2.14,-19.14,0.02
2.16,-19.16,0.11
3.09,-19.07,0.07
3.14,-19.1,0.02
4.13,-19.06,0.02
4.15,-19.08,0.11
6.18,-18.92,0.02
7.07,-18.85,0.07
7.19,-18.86,0.02
8.07,-18.68,0.11
8.1,-18.78,0.07
9.16,-18.72,0.02
10.14,-18.61,0.03
10.18,-18.54,0.05
11.13,-18.48,0.03
11.18,-18.45,0.05
12.14,-18.39,0.02
12.17,-18.37,0.03
13.1,-18.32,0.07
14.15,-18.18,0.02
14.16,-18.18,0.02
15.17,-18.02,0.02
15.18,-18.06,0.02
15.22,-17.99,0.03
16.09,-17.91,0.11
16.1,-18.02,0.07
16.15,-17.91,0.02
16.17,-17.9,0.03
16.19,-17.89,0.05
16.19,-17.95,0.02
17.19,-17.83,0.02
18.21,-17.7,0.02
19.15,-17.58,0.02
19.18,-17.53,0.02
20.08,-17.47,0.11
20.18,-17.41,0.05
21.17,-17.31,0.03
25.19,-16.91,0.06
26.2,-16.82,0.06
27.15,-16.74,0.02
28.16,-16.68,0.02
28.19,-16.68,0.06
29.15,-16.61,0.02
29.2,-16.58,0.06
30.16,-16.53,0.02
31.17,-16.48,0.02
31.2,-16.47,0.05
32.15,-16.42,0.02
33.16,-16.37,0.02
33.19,-16.33,0.05
34.16,-16.33,0.02
35.16,-16.3,0.02
36.15,-16.24,0.02
37.15,-16.21,0.02
37.19,-16.2,0.05
38.15,-16.2,0.02
39.14,-16.18,0.02
40.14,-16.16,0.03
41.14,-16.13,0.02
42.14,-16.11,0.02
-6.07,-18.918,0.28
-5.12,-19.019,0.75
-5.07,-19.017,0.28
-4.13,-19.08,0.75
-4.1,-19.12,0.4
-3.09,-19.17,0.5
-3.08,-19.144,0.75
-2.13,-19.16,0.75
-1.14,-19.181,0.75
-0.129999999997,-19.181,0.75
0.870000000003,-19.17,0.75
1.86,-19.155,0.75
2.9,-19.094,0.75
3.89,-19.05,0.75
4.86,-19.091,0.75
4.88,-18.997,0.16
5.9,-18.95,0.75
10.16,-18.603,0.26
10.89,-18.54,0.75
12.16,-18.5,0.35
12.88,-18.316,0.75
14.88,-18.068,0.32
15.22,-18.053,0.27
15.84,-18.039,0.75
15.92,-17.922,0.36
16.2,-17.94,0.31
16.84,-17.933,0.75
17.83,-17.813,0.75
18.85,-17.703,0.75
19.18,-17.599,0.28
19.83,-17.638,0.75
20.83,-17.508,0.75
22.89,-17.202,0.75
23.95,-17.104,0.76
24.89,-16.959,0.74
27.84,-16.771,0.75
29.89,-16.553,0.75
31.85,-16.535,0.75
31.9,-16.381,0.5
32.84,-16.492,0.75
36.84,-16.285,0.75
43.9,-16.134,0.68
46.9,-16.048,0.7
8.0,-18.813,0.0
247.0,-13.165,0.0
328.0,-12.069,0.0
563.0,-10.747,0.0
577.32,-10.754,0.0
637.0,-10.35,0.0
651.0,-10.453,0.0
651.0,-10.454,0.0
652.0,-10.317,0.0
652.0,-10.291,0.0
680.13,-10.317,0.0
