-13.62,-17.0,0.04
-6.99,-18.18,0.03
-5.92,-18.41,0.05
-4.0,-18.53,0.03
-3.55,-18.51,0.04
-2.02,-18.63,0.02
-1.56,-18.61,0.05
-1.02,-18.66,0.02
-0.540000000001,-18.63,0.08
0.93,-18.67,0.03
5.07,-18.47,0.03
6.89,-18.35,0.09
7.06,-18.32,0.07
8.02,-18.22,0.05
8.98,-18.08,0.04
9.91,-18.0,0.03
11.05,-17.87,0.05
11.37,-17.94,0.19
12.05,-17.76,0.06
12.97,-17.72,0.04
15.34,-17.51,0.02
16.3,-17.44,0.02
17.83,-17.33,0.02
18.25,-17.23,0.12
20.29,-17.12,0.02
21.97,-17.05,0.02
23.04,-16.98,0.02
23.99,-16.94,0.02
24.98,-16.92,0.02
26.39,-16.84,0.06
27.04,-16.83,0.02
28.06,-16.77,0.02
31.23,-16.81,0.09
37.21,-16.62,0.03
39.75,-16.53,0.04
40.8,-16.47,0.05
41.86,-16.45,0.02
49.08,-16.33,0.03
171.78,-14.66,0.06
310.58,-12.317,0.07
311.58,-12.296,0.07
330.58,-11.909,0.15
375.58,-11.42,0.2
402.58,-11.1,0.2
494.58,-10.49,0.3
52.06,-16.27,0.03
53.06,-16.26,0.03
59.1,-16.15,0.03
61.06,-16.14,0.03
65.05,-16.11,0.04
67.08,-16.06,0.03
68.06,-16.03,0.04
69.1,-16.09,0.03
70.08,-16.08,0.03
71.08,-15.99,0.03
76.05,-15.94,0.03
77.04,-15.98,0.03
78.04,-15.89,0.03
79.04,-15.94,0.03
89.02,-15.71,0.05
90.02,-15.77,0.07
92.02,-15.74,0.04
93.02,-15.67,0.03
94.01,-15.66,0.03
96.0,-15.69,0.03
96.95,-15.65,0.03
98.02,-15.62,0.03
99.0,-15.6,0.03
99.99,-15.59,0.03
101.98,-15.57,0.03
102.97,-15.58,0.03
102.98,-15.57,0.03
103.99,-15.56,0.03
107.97,-15.55,0.03
107.98,-15.53,0.03
107.98,-15.45,0.03
117.88,-15.44,0.06
118.94,-15.44,0.15
119.93,-15.28,0.04
120.94,-15.4,0.13
125.91,-15.19,0.03
126.91,-15.21,0.03
127.94,-15.19,0.04
135.91,-15.13,0.03
149.8,-14.84,0.04
150.81,-14.82,0.04
152.81,-14.88,0.05
153.81,-14.82,0.03
154.8,-14.8,0.03
171.73,-14.66,0.06
