2.70000000019,-14.103,0.014
3.7200000002,-14.118,0.014
4.70999999996,-14.099,0.014
5.68999999994,-14.053,0.014
10.7999999998,-13.935,0.017
13.6699999999,-13.742,0.017
13.6899999999,-13.765,0.016
13.73,-13.765,0.019
13.7400000002,-13.723,0.018
14.5899999999,-13.575,0.031
15.6699999999,-13.647,0.033
15.6800000002,-13.614,0.023
18.48,-13.53,0.063
20.5099999998,-13.496,0.026
20.54,-13.405,0.021
20.6099999999,-13.419,0.014
23.73,-13.317,0.02
24.7000000002,-13.273,0.021
24.7400000002,-13.186,0.024
28.6099999999,-13.092,0.02
28.6600000001,-13.172,0.017
33.5699999998,-13.035,0.02
36.6499999999,-12.993,0.023
37.6000000001,-12.943,0.021
42.4900000002,-12.856,0.07
47.4900000002,-12.559,0.103
49.4900000002,-12.819,0.032
54.4900000002,-12.71,0.027
56.4980000001,-12.765,0.012
64.4900000002,-12.617,0.017
71.46,-12.42,0.068
75.48,-12.531,0.058
85.4700000002,-12.517,0.093
86.4500000002,-12.511,0.032
99.48,-12.482,0.034
355.6,-8.066,0.296
2.5,-14.113,0.014
3.5,-14.116,0.014
4.5,-14.11,0.014
5.5,-14.048,0.014
10.5,-13.943,0.014
13.5,-13.752,0.011
13.5,-13.747,0.028
14.5,-13.569,0.032
15.5,-13.619,0.017
18.48,-13.484,0.066
20.5,-13.394,0.019
20.5,-13.424,0.013
20.52,-13.52,0.025
23.5,-13.315,0.02
24.5,-13.27,0.014
24.75,-13.221,0.024
28.5,-13.183,0.017
28.6099999999,-13.179,0.02
33.5699999998,-13.138,0.017
36.5,-12.975,0.018
37.5899999999,-13.018,0.021
42.5,-12.849,0.071
47.4900000002,-12.675,0.08
49.48,-12.856,0.022
54.4900000002,-12.792,0.026
64.48,-12.684,0.017
71.46,-12.527,0.044
75.48,-12.524,0.058
