-15.75,-13.894,0.058
-14.72,-13.831,0.109
-14.69,-13.554,0.116
-14.67,-13.829,0.222
-12.75,-14.181,0.055
-12.72,-14.337,0.119
-12.71,-14.462,0.107
-11.7,-15.011,0.029
-10.76,-15.6,0.017
-10.68,-15.592,0.044
-10.68,-15.592,0.044
-10.67,-15.662,0.042
-10.67,-15.662,0.042
-9.77,-15.995,0.014
-8.72,-16.268,0.015
-8.67000000001,-16.284,0.024
-8.66,-16.308,0.024
-7.77,-16.499,0.014
-6.77,-16.689,0.014
-6.67000000001,-16.685,0.017
-6.66,-16.709,0.017
-4.78000000001,-16.97,0.014
-4.68,-16.964,0.017
-4.67000000001,-16.955,0.017
-3.76,-17.05,0.014
-1.73,-17.141,0.014
-1.71000000001,-17.129,0.017
-1.7,-17.125,0.017
-0.740000000005,-17.165,0.014
-0.639999999999,-17.194,0.013
0.239999999998,-17.18,0.019
0.25,-17.167,0.017
1.24,-17.156,0.017
1.25,-17.169,0.019
1.25999999999,-17.188,0.014
1.27,-17.186,0.014
2.25999999999,-17.157,0.017
2.27,-17.145,0.017
2.36,-17.144,0.014
3.24,-17.112,0.017
3.25,-17.109,0.017
4.21999999999,-17.07,0.017
4.23,-17.102,0.017
4.27,-17.046,0.014
6.21999999999,-16.979,0.017
6.23,-16.957,0.017
7.23,-16.897,0.021
7.24,-16.9,0.02
8.21999999999,-16.803,0.02
8.23,-16.812,0.019
9.25,-16.705,0.014
10.28,-16.588,0.024
10.29,-16.59,0.024
11.24,-16.454,0.018
11.25,-16.46,0.018
11.28,-16.458,0.014
12.25,-16.366,0.014
14.26,-16.083,0.021
14.27,-16.068,0.023
16.29,-15.846,0.057
16.3,-15.94,0.049
18.29,-15.719,0.052
18.3,-15.578,0.052
20.23,-15.485,0.04
20.24,-15.447,0.042
22.23,-15.347,0.053
22.24,-15.306,0.053
24.28,-15.318,0.046
24.29,-15.266,0.045
