27.5,-16.80379,0.013
30.5600000001,-16.55779,0.017
31.5099999998,-16.47579,0.017
35.4700000002,-16.19979,0.017
39.52,-15.99379,0.017
39.54,-16.03179,0.013
41.46,-15.90779,0.017
43.46,-15.84379,0.017
44.5,-15.85479,0.017
49.46,-15.60079,0.017
51.46,-15.54379,0.017
53.46,-15.49479,0.017
57.4500000002,-15.40179,0.017
62.46,-15.23579,0.017
67.46,-15.11679,0.017
73.4700000002,-14.94479,0.046
77.46,-14.81279,0.017
193.87,-11.91779,0.258
203.83,-11.13079,0.428
206.85,-10.73779,0.236
210.83,-10.98679,0.148
215.85,-10.58979,0.167
221.86,-10.77779,0.174
