-9.42,-18.598,0.014
-8.54,-18.831,0.014
-8.54,-18.81,0.014
-8.53,-18.821,0.014
-8.42,-18.835,0.014
-8.42,-18.836,0.014
-8.42,-18.828,0.014
-7.51,-19.012,0.017
-7.5,-18.975,0.017
-7.48,-18.993,0.014
-7.48,-18.981,0.014
-7.48,-19.014,0.014
-6.54,-19.132,0.017
-6.53,-19.127,0.017
-6.51,-19.142,0.013
-5.53,-19.235,0.014
-4.55,-19.316,0.014
-4.49,-19.338,0.017
-4.48,-19.323,0.017
-2.5,-19.425,0.014
-2.5,-19.441,0.014
-2.5,-19.43,0.014
-2.48,-19.437,0.017
-2.47,-19.436,0.017
-1.57,-19.469,0.014
-0.510000000002,-19.472,0.014
-0.510000000002,-19.466,0.014
-0.510000000002,-19.464,0.014
-0.479999999996,-19.475,0.017
-0.470000000001,-19.468,0.017
0.489999999998,-19.465,0.014
0.5,-19.48,0.014
0.5,-19.468,0.014
1.41,-19.448,0.014
1.52,-19.458,0.017
1.53,-19.453,0.017
2.4,-19.438,0.014
3.45,-19.405,0.014
3.53,-19.374,0.017
3.54,-19.374,0.017
6.53,-19.251,0.017
6.54,-19.241,0.017
9.42,-19.071,0.014
9.55,-19.037,0.017
9.56,-19.041,0.017
10.41,-19.001,0.014
11.43,-18.92,0.014
11.54,-18.885,0.017
11.56,-18.878,0.017
12.45,-18.825,0.014
13.48,-18.697,0.014
13.51,-18.691,0.014
13.52,-18.703,0.017
13.53,-18.684,0.017
15.45,-18.517,0.014
15.48,-18.48,0.017
15.49,-18.521,0.017
16.5,-18.411,0.014
17.44,-18.308,0.014
17.52,-18.301,0.017
17.53,-18.299,0.017
18.43,-18.211,0.014
19.48,-18.113,0.014
19.53,-18.106,0.017
19.54,-18.102,0.017
20.43,-18.034,0.014
21.43,-17.938,0.014
21.53,-17.905,0.017
21.54,-17.918,0.017
23.42,-17.765,0.014
23.52,-17.742,0.017
23.53,-17.738,0.017
24.44,-17.684,0.014
26.47,-17.508,0.014
26.49,-17.481,0.017
26.5,-17.471,0.017
27.46,-17.431,0.014
27.56,-17.454,0.013
28.44,-17.312,0.017
28.45,-17.297,0.017
29.44,-17.226,0.017
29.45,-17.175,0.017
29.46,-17.284,0.014
29.47,-17.292,0.014
30.46,-17.171,0.017
30.47,-17.163,0.017
30.56,-17.22,0.014
31.44,-17.083,0.017
31.45,-17.106,0.017
32.42,-17.009,0.017
32.43,-17.019,0.017
32.47,-17.054,0.014
34.42,-16.881,0.017
34.43,-16.911,0.017
35.43,-16.84,0.017
35.44,-16.819,0.017
36.42,-16.735,0.018
36.43,-16.762,0.018
37.45,-16.795,0.014
38.48,-16.682,0.02
38.49,-16.675,0.023
39.44,-16.629,0.017
39.45,-16.634,0.017
39.48,-16.694,0.014
40.45,-16.657,0.014
42.46,-16.549,0.017
42.47,-16.514,0.018
44.49,-16.45,0.031
44.5,-16.401,0.031
46.49,-16.38,0.03
46.5,-16.394,0.022
48.43,-16.404,0.019
48.44,-16.402,0.02
50.43,-16.33,0.022
50.44,-16.314,0.023
52.48,-16.296,0.021
52.49,-16.3,0.021
