4.72,-16.2289,0.019
6.84,-16.3059,0.045
9.76,-16.3109,0.031
10.77,-16.3129,0.029
11.75,-16.3029,0.033
12.79,-16.2599,0.051
15.73,-16.2009,0.041
21.76,-16.0019,0.022
26.78,-15.7249,0.022
31.74,-15.4959,0.025
37.71,-15.3229,0.021
58.77,-14.8789,0.031
63.61,-14.8369,0.033
71.71,-14.7319,0.057
71.71,-14.7369,0.023
95.63,-14.5759,0.048
100.51,-14.4249,0.04
105.59,-14.4639,0.023
110.55,-14.2619,0.046
115.53,-14.0169,0.026
119.64,-13.7799,0.03
124.5,-13.3609,0.051
129.46,-13.0409,0.024
134.5,-11.9989,0.047
145.47,-11.9049,0.05
150.46,-11.8239,0.059
152.54,-11.7209,0.032
158.46,-11.7489,0.08
178.44,-11.5089,0.039
6.84,-16.3179,0.034
9.76,-16.4159,0.034
10.76,-16.3629,0.025
11.75,-16.3509,0.029
12.79,-16.3179,0.038
15.73,-16.2519,0.041
21.75,-16.0109,0.052
26.78,-15.8049,0.072
31.74,-15.5309,0.017
37.71,-15.3789,0.064
58.76,-14.9169,0.026
63.61,-14.8619,0.034
71.71,-14.7469,0.042
95.63,-14.6229,0.039
100.51,-14.3709,0.035
105.58,-14.4079,0.075
110.55,-14.2599,0.037
115.53,-14.0329,0.052
119.64,-13.7989,0.049
124.52,-13.3389,0.059
129.46,-12.9659,0.194
134.49,-12.1869,0.227
139.57,-12.1649,0.156
145.46,-11.7919,0.166
150.45,-11.9179,0.125
158.46,-11.8349,0.212
5.55,-16.1889,0.01
8.55,-16.3189,0.01
68.28,-14.7689,0.04
180.15,-12.0789,0.35
107.2,-15.1789,0.0
151.18,-13.8789,0.0
