8.7799999998,-16.9117,0.017
9.85000000009,-16.8977,0.021
11.8199999998,-16.8047,0.017
13.8199999998,-16.7107,0.017
15.77,-16.6117,0.017
18.73,-16.4537,0.017
18.7999999998,-16.4837,0.015
19.8300000001,-16.4077,0.02
26.8300000001,-16.1787,0.017
27.8199999998,-16.0797,0.017
29.79,-16.0457,0.011
37.6800000002,-15.8367,0.028
43.8199999998,-15.6877,0.04
46.7400000002,-15.7427,0.022
48.7000000002,-15.6447,0.042
48.71,-15.6417,0.047
50.5299999998,-15.6517,0.121
51.5099999998,-15.5577,0.068
53.5499999998,-15.5627,0.051
53.6800000002,-15.5957,0.029
54.79,-15.5577,0.127
56.7400000002,-15.5627,0.02
57.6000000001,-15.5077,0.019
57.79,-15.5627,0.021
66.5899999999,-15.4117,0.048
72.5699999998,-15.3667,0.031
99.4700000002,-14.3317,0.059
105.47,-13.3967,0.326
