9.62000000011,-16.87486,0.01
9.81000000006,-16.83486,0.01
10.6200000001,-16.82486,0.01
10.73,-16.79486,0.01
11.5699999998,-16.82486,0.1
41.7999999998,-15.79486,0.0
47.54,-15.71486,0.01
49.5099999998,-15.66486,0.01
50.54,-15.64486,0.01
51.5699999998,-15.65486,0.01
54.73,-15.61486,0.03
62.5899999999,-15.52486,0.0
64.5,-15.47486,0.0
65.71,-15.44486,0.02
72.5099999998,-15.39486,0.01
99.4399999999,-14.91486,0.04
108.32,-14.50486,0.13
114.53,-14.43486,0.0
166.52,-12.55486,0.0
311.74,-11.59486,0.02
390.77,-10.91486,0.18
398.53,-11.60486,0.04
465.65,-10.48486,0.06
509.53,-10.03486,0.09
22.7799999998,-16.36786,0.015
23.8100000001,-16.31086,0.015
35.8500000001,-15.89186,0.015
46.7000000002,-15.58286,0.015
55.73,-15.53986,0.015
102.63,-14.66486,0.015
131.63,-12.33686,0.04
160.04,-12.35486,0.03
189.97,-12.12486,0.035
5.93999999994,-16.85486,0.02
6.93999999994,-16.92486,0.03
7.93999999994,-16.92486,0.02
8.93999999994,-16.90486,0.03
9.93999999994,-16.87486,0.02
11.9399999999,-16.80486,0.03
12.9399999999,-16.77486,0.02
13.9399999999,-16.73486,0.01
15.9399999999,-16.70486,0.04
16.9399999999,-16.65486,0.15
17.9399999999,-16.63486,0.01
18.9399999999,-16.57486,0.01
19.9399999999,-16.52486,0.01
20.9399999999,-16.47486,0.02
22.9399999999,-16.38486,0.02
25.9399999999,-16.25486,0.02
32.9399999999,-15.99486,0.02
34.9399999999,-15.93486,0.04
38.9399999999,-15.85486,0.03
42.9399999999,-15.78486,0.02
44.8399999999,-15.75486,0.02
47.8399999999,-15.74486,0.04
50.8399999999,-15.68486,0.04
51.8399999999,-15.67486,0.03
54.8399999999,-15.63486,0.03
65.8399999999,-15.45486,0.02
70.8399999999,-15.40486,0.03
75.7400000002,-15.34486,0.02
80.7400000002,-15.32486,0.04
82.7400000002,-15.20486,0.09
94.7400000002,-15.09486,0.05
100.74,-14.98486,0.02
105.74,-14.85486,0.03
131.74,-12.95486,0.05
138.64,-12.73486,0.05
143.64,-12.75486,0.09
148.64,-12.66486,0.12
153.74,-12.62486,0.1
161.74,-12.74486,0.09
337.04,-11.93486,0.08
5.79999999981,-16.87286,0.01
7.70000000019,-16.91186,0.014
8.79999999981,-16.89486,0.01
9.79999999981,-16.86286,0.014
10.7999999998,-16.83386,0.014
11.7999999998,-16.79986,0.014
12.7999999998,-16.77486,0.014
13.7999999998,-16.71086,0.014
14.7999999998,-16.72386,0.014
16.7999999998,-16.67386,0.014
17.7000000002,-16.64086,0.014
19.7000000002,-16.54786,0.014
22.6000000001,-16.39186,0.014
22.7999999998,-16.32986,0.014
23.7999999998,-16.30286,0.014
24.7000000002,-16.27286,0.014
25.7000000002,-16.24886,0.014
26.7000000002,-16.20786,0.014
28.7000000002,-16.13086,0.014
30.7999999998,-16.03986,0.014
32.7999999998,-15.98186,0.014
33.8999999999,-15.92686,0.014
35.8999999999,-15.90486,0.009
46.7000000002,-15.60686,0.012
55.7999999998,-15.55786,0.009
62.6000000001,-15.42386,0.014
64.5,-15.39586,0.014
70.5,-15.32286,0.014
74.5,-15.29086,0.014
75.6000000001,-15.29186,0.014
80.6000000001,-15.23686,0.014
102.6,-14.69086,0.01
131.6,-12.45986,0.02
160.5,-12.40686,0.013
190.5,-12.29386,0.02
