10.0100000002,-14.285,0.016
12.1100000003,-14.264,0.02
21.9000000004,-15.016,0.015
22.96,-15.086,0.015
23.9700000002,-15.128,0.015
27.9400000004,-15.281,0.015
29.0100000002,-15.334,0.016
29.9500000002,-15.354,0.015
41.77,-15.331,0.015
45.9200000004,-15.227,0.015
51.9000000004,-15.094,0.015
57.9700000002,-15.005,0.029
76.8700000001,-14.876,0.015
84.8400000003,-14.772,0.018
91.8600000003,-14.679,0.016
98.9000000004,-14.438,0.015
103.84,-14.211,0.015
141.69,-13.272,0.076
10.0,-14.311,0.014
21.9000000004,-15.02,0.014
22.9500000002,-15.096,0.014
23.96,-15.147,0.014
27.9300000002,-15.306,0.014
29.0100000002,-15.362,0.014
29.9700000002,-15.375,0.014
41.77,-15.321,0.014
45.9200000004,-15.233,0.014
51.8900000001,-15.109,0.014
57.9700000002,-15.017,0.022
76.8700000001,-14.878,0.014
84.8300000001,-14.811,0.014
91.8500000001,-14.688,0.014
98.8900000001,-14.468,0.014
103.84,-14.223,0.014
141.71,-13.449,0.014
