0.0,-17.852,0.026
1.04,-17.782,0.03
2.0,-17.803,0.042
2.94,-17.777,0.043
3.96,-17.729,0.08
4.97,-17.687,0.04
5.99,-17.71,0.076
6.94,-17.68,0.047
7.94,-17.605,0.032
10.01,-17.407,0.041
11.95,-17.37,0.03
13.96,-17.113,0.038
19.96,-16.704,0.047
24.93,-16.468,0.056
29.92,-16.261,0.088
39.88,-15.897,0.091
44.92,-15.803,0.085
49.87,-15.666,0.119
54.84,-15.515,0.112
59.82,-15.538,0.131
64.9,-15.882,0.156
69.87,-15.236,0.166
74.78,-15.357,0.101
79.78,-15.039,0.148
84.75,-15.175,0.094
89.74,-14.862,0.152
94.75,-14.771,0.147
