-7.2,-19.826,0.04
-5.3,-20.046,0.05
-4.4,-20.146,0.04
-3.25,-19.916,0.1
-2.3,-20.076,0.04
-0.100000000006,-20.176,0.19
7.8,-19.766,0.09
8.6,-19.946,0.04
10.8,-19.646,0.1
12.6,-19.466,0.09
12.7,-19.666,0.05
15.67,-19.596,0.09
16.9,-18.886,0.21
18.65,-19.346,0.12
20.7,-18.936,0.04
24.7,-18.356,0.05
26.64,-18.536,0.16
28.7,-17.976,0.04
30.67,-17.746,0.09
36.61,-17.626,0.11
50.5,-17.336,0.04
53.57,-17.266,0.16
55.9,-16.996,0.07
89.1,-16.546,0.16
323.0,-12.916,0.19
339.0,-13.286,0.17
352.0,-12.266,0.41
