-3.82,-17.31,0.035
-2.82,-17.475,0.021
6.16,-17.05,0.058
7.14,-17.01,0.041
8.13,-16.891,0.025
9.15,-16.654,0.034
10.15,-16.459,0.048
11.11,-16.351,0.051
12.11,-16.183,0.088
13.15,-15.998,0.061
14.14,-15.806,0.068
15.1,-15.683,0.115
16.16,-15.687,0.206
17.09,-15.447,0.149
18.13,-15.245,0.031
18.18,-15.189,0.037
19.1,-15.255,0.176
20.09,-15.256,0.146
20.11,-15.088,0.035
21.14,-14.955,0.126
21.15,-14.953,0.035
22.1,-14.96,0.195
22.1,-14.868,0.041
22.14,-14.915,0.031
23.12,-15.008,0.14
50.09,-13.965,0.113
