-6.52,-15.105,0.023
-5.56,-16.071,0.015
-4.57,-16.35,0.018
-3.94,-16.51,0.02
-3.57,-16.544,0.021
-2.57,-16.665,0.017
-1.94,-16.72,0.02
-1.56,-16.736,0.019
-0.57,-16.794,0.019
0.439999999995,-16.796,0.028
3.44,-16.637,0.013
4.44,-16.558,0.018
2.06,-16.67,0.02
5.44,-16.458,0.015
6.44,-16.37,0.023
7.44,-16.244,0.016
8.07999999999,-16.11,0.02
9.06,-16.01,0.02
9.44,-16.04,0.017
10.06,-15.92,0.02
10.44,-15.962,0.026
11.06,-15.82,0.02
12.21,-15.72,0.02
15.05,-15.47,0.02
15.45,-15.495,0.021
16.05,-15.39,0.02
16.44,-15.452,0.024
18.44,-15.285,0.029
19.44,-15.211,0.023
22.45,-15.023,0.04
23.45,-14.918,0.023
24.45,-14.872,0.026
26.45,-14.744,0.023
27.05,-14.64,0.02
27.45,-14.685,0.023
33.04,-14.39,0.04
125.81,-13.158,0.016
126.8,-13.169,0.02
127.41,-13.09,0.04
147.37,-12.8,0.05
153.8,-12.744,0.026
154.8,-12.72,0.024
181.79,-12.22,0.02
213.77,-11.72,0.023
214.81,-11.654,0.023
240.66,-11.238,0.032
240.68,-11.206,0.032
241.63,-11.206,0.029
271.56,-10.908,0.096
272.61,-10.737,0.073
302.55,-10.241,0.095
309.5,-10.266,0.091
167.32,-12.45,0.03
182.28,-12.16,0.04
208.25,-11.71,0.05
214.22,-11.62,0.05
222.35,-11.46,0.05
263.33,-10.75,0.1
266.26,-10.76,0.09
290.03,-10.38,0.13
298.2,-10.2,0.15
306.16,-10.12,0.15
315.18,-9.96,0.19
327.18,-9.84,0.2
382.03,-8.88,0.42
512.41,-7.07,1.36
0.93,-16.75,0.02
1.92,-16.71,0.03
3.97,-16.58,0.03
6.96,-16.29,0.02
7.89,-16.17,0.02
8.88,-16.07,0.02
10.95,-15.9,0.02
11.94,-15.83,0.03
12.89,-15.7,0.02
15.89,-15.46,0.02
30.88,-14.47,0.02
31.88,-14.49,0.03
33.88,-14.38,0.03
38.89,-14.32,0.14
