-7.341,-18.9791,0.039
-7.239,-18.9791,0.036
-6.24000000001,-19.1611,0.035
-6.149,-19.1131,0.045
-5.22900000001,-19.3061,0.035
-4.241,-19.3551,0.026
-3.23,-19.4641,0.028
-2.251,-19.5281,0.028
-1.254,-19.5441,0.028
-0.251000000004,-19.5711,0.026
0.786,-19.5341,0.028
1.772,-19.5241,0.028
3.73499999999,-19.4351,0.036
6.73,-19.2481,0.03
7.776,-19.0911,0.029
9.348,-18.9151,0.068
9.774,-18.8851,0.039
10.863,-18.8071,0.03
13.713,-18.4641,0.041
14.348,-18.3261,0.036
15.695,-18.1781,0.044
15.835,-18.1651,0.028
16.714,-18.0601,0.04
17.843,-17.9341,0.039
19.859,-17.7051,0.032
22.324,-17.4311,0.045
23.64,-17.3681,0.03
27.316,-16.9951,0.066
28.305,-16.8551,0.06
30.664,-16.8261,0.026
31.64,-16.7491,0.037
37.227,-16.5271,0.053
49.278,-16.2591,0.148
179.205,-14.5081,0.033
202.181,-14.1661,0.049
215.181,-13.9641,0.059
324.731,-12.6061,0.054
