-31751.1,-7.02,0.0
-31072.1,-6.92,0.0
-29978.1,-7.92,0.0
-29953.1,-8.62,0.0
-29953.1,-8.77,0.0
-29952.1,-8.72,0.0
-28560.979,-6.92,0.0
-28533.076,-7.22,0.0
-28470.152,-7.02,0.0
-28450.102,-7.22,0.0
-28420.239,-6.72,0.0
-26649.035,-9.22,0.0
-23424.874,-7.17,0.0
-19703.1,-6.93,0.0
-19681.168,-6.82,0.0
-19678.19,-6.87,0.0
-19674.236,-6.9,0.0
-19350.1,-6.79,0.0
-19286.1,-6.8,0.0
-19264.1,-6.79,0.0
-19263.1,-6.74,0.0
-19078.876,-6.88,0.0
-19074.873,-6.74,0.0
-19054.911,-6.97,0.0
-19049.936,-6.78,0.0
-19024.923,-6.78,0.0
-19022.956,-6.79,0.0
-19016.1,-6.74,0.0
-18997.1,-6.65,0.0
-18994.065,-7.02,0.0
-18993.1,-6.91,0.0
-18987.1,-6.91,0.0
-18967.1,-6.79,0.0
-18966.1,-6.79,0.0
-18962.1,-6.8,0.0
-18938.1,-6.8,0.0
-18933.225,-6.9,0.0
-18909.1,-6.82,0.0
-18722.89,-6.95,0.0
-18695.949,-6.97,0.0
-18690.963,-7.04,0.0
-18688.932,-7.02,0.0
-18687.931,-6.96,0.0
-18667.041,-6.92,0.0
-18664.007,-6.97,0.0
-18639.999,-7.05,0.0
-18632.009,-7.08,0.0
-18616.028,-6.92,0.0
-18612.087,-6.9,0.0
-18605.08,-6.95,0.0
-18589.205,-6.87,0.0
-18580.221,-6.8,0.0
-18550.241,-7.03,0.0
-18529.228,-6.97,0.0
-18522.216,-7.0,0.0
-18346.915,-7.04,0.0
-18335.911,-7.49,0.0
-18334.937,-7.25,0.0
-18319.966,-7.1,0.0
-18306.017,-7.04,0.0
-18290.966,-7.1,0.0
-18289.99,-7.13,0.0
-18289.977,-7.15,0.0
-18278.049,-7.34,0.0
-18261.136,-7.4,0.0
-18253.186,-7.32,0.0
-18232.182,-7.54,0.0
-18221.139,-7.13,0.0
-18205.251,-7.2,0.0
-18204.239,-7.21,0.0
-18204.226,-7.3,0.0
-18193.254,-7.16,0.0
-18193.224,-7.15,0.0
-17986.921,-7.19,0.0
-17983.91,-7.33,0.0
-17930.064,-7.17,0.0
-17929.052,-7.35,0.0
-17927.998,-7.34,0.0
-17869.219,-7.36,0.0
-17868.197,-7.24,0.0
-17867.22,-7.34,0.0
-17866.121,-7.48,0.0
-17864.024,-7.33,0.0
-17845.238,-7.0,0.0
-17818.186,-6.92,0.0
-17807.233,-7.02,0.0
-17597.954,-7.28,0.0
-17516.174,-7.32,0.0
-17456.209,-6.95,0.0
-17452.102,-7.22,0.0
-17451.245,-7.32,0.0
-17451.21,-7.42,0.0
-17451.197,-7.32,0.0
-17451.142,-7.42,0.0
-17245.937,-7.41,0.0
-17242.924,-7.48,0.0
-17190.995,-7.34,0.0
-16777.081,-7.03,0.0
-16773.181,-7.1,0.0
-16773.072,-7.1,0.0
-16428.138,-7.1,0.0
-16016.122,-8.4,0.0
-15604.205,-8.23,0.0
-15384.874,-8.7,0.0
-15355.12,-8.68,0.0
-14673.872,-8.19,0.0
-14540.177,-8.35,0.0
-14538.249,-8.3,0.0
-17510.4,-8.22,0.0
-11728.4,-9.12,0.0
-11311.4,-8.82,0.0
-5817.4,-7.92,0.0
-4723.4,-7.67,0.0
-3720.36,-8.63,0.0
-3716.36,-8.78,0.0
-2522.4,-8.63,0.0
-2130.4,-7.32,0.0
-1913.4,-7.67,0.03
-1556.4,-7.72,0.0
-1354.4,-8.12,0.0
-686.46,-7.3,0.33
76.6,-9.77,0.03
586.75,-8.8,0.01
586.6,-8.17,0.0
621.67,-8.93,0.07
621.6,-8.33,0.0
