-13.05,-16.583,0.04
-11.99,-17.223,0.1
-10.98,-17.803,0.06
-10.01,-18.193,0.07
-9.08,-18.413,0.03
-6.08,-19.053,0.04
-3.96,-19.303,0.03
-3.95,-19.303,0.05
-3.04,-19.423,0.04
-2.11,-19.443,0.02
-1.16,-19.453,0.1
-1.05,-19.443,0.07
5.08,-19.393,0.06
29.91,-16.803,0.2
44.89,-16.493,0.05
53.95,-16.323,0.08
79.87,-16.053,0.07
96.92,-15.873,0.04
99.92,-15.823,0.05
101.94,-15.803,0.08
-7.04,-18.903,0.0
-5.11,-19.393,0.0
-3.06,-19.603,0.0
-10.92,-17.723,0.0
-9.84,-18.093,0.0
-5.98,-19.043,0.0
-5.67,-19.123,0.0
-1.9,-19.383,0.0
2.1,-19.393,0.0
4.11,-19.393,0.0
5.07,-19.313,0.0
5.93,-19.213,0.0
10.01,-18.873,0.0
13.98,-18.423,0.0
16.99,-18.143,0.0
19.99,-17.763,0.0
25.04,-17.233,0.0
29.01,-16.933,0.0
32.98,-16.663,0.0
34.04,-16.643,0.0
40.92,-16.413,0.0
43.82,-16.373,0.0
-7.11,-18.803,0.03
-5.11,-19.213,0.06
-3.25,-19.353,0.03
0.870000000003,-19.473,0.05
2.85,-19.383,0.06
4.74,-19.293,0.04
6.74,-19.123,0.04
10.84,-18.883,0.04
16.85,-18.163,0.06
18.89,-17.843,0.11
22.8,-17.153,0.23
43.86,-16.413,0.18
-7.11,-18.803,0.03
-5.11,-19.213,0.06
-3.25,-19.353,0.03
0.870000000003,-19.473,0.05
2.85,-19.383,0.06
4.74,-19.293,0.04
6.74,-19.123,0.04
10.84,-18.883,0.04
16.85,-18.163,0.06
18.89,-17.843,0.11
22.8,-17.153,0.23
43.86,-16.413,0.18
-10.8,-17.799,0.016
-9.8,-18.161,0.009
-5.9,-19.156,0.02
-5.8,-19.079,0.022
-1.8,-19.425,0.014
2.1,-19.438,0.01
4.2,-19.403,0.047
5.2,-19.322,0.04
6.1,-19.246,0.012
10.1,-18.891,0.025
14.1,-18.448,0.013
17.1,-18.112,0.02
20.1,-17.785,0.031
25.1,-17.302,0.028
29.1,-17.016,0.054
33.1,-16.743,0.039
34.0,-16.724,0.046
41.0,-16.478,0.057
44.0,-16.438,0.013
