-3818.75,-13.721,0.02
-3816.78,-13.681,0.05
-3806.79,-13.411,0.06
-3806.78,-13.411,0.12
-3806.77,-13.421,0.1
-3806.76,-13.411,0.07
-3784.87,-12.981,0.07
-3772.78,-12.921,0.15
-3771.69,-12.801,0.05
-3749.73,-12.511,0.08
-3743.76,-12.441,0.26
-3742.77,-12.411,0.06
-3727.81,-12.091,0.23
-3727.79,-12.081,0.25
-3693.78,-9.711,0.28
-3841.37,-14.694,0.016
-3840.38,-14.719,0.027
-3837.31,-14.648,0.013
-3835.34,-14.582,0.019
-3832.36,-14.429,0.034
-3820.35,-13.839,0.072
-3817.4,-13.767,0.031
-3810.42,-13.539,0.031
-3807.43,-13.503,0.041
-3804.47,-13.372,0.037
-3799.45,-13.053,0.407
-3794.42,-13.816,0.321
-3789.47,-13.286,0.203
-3784.48,-13.054,0.063
-3777.4,-12.99,0.09
-3772.51,-12.811,0.065
-3760.52,-12.37,0.21
-3750.49,-12.693,0.263
-3745.49,-12.806,0.318
-3740.48,-12.562,0.144
-3733.49,-12.264,0.117
