0.0,-14.693,0.084
2.98999999976,-14.573,0.024
4.98999999976,-14.502,0.017
9.97999999998,-14.366,0.012
11.9699999997,-14.337,0.011
15.96,-14.186,0.01
17.98,-14.123,0.012
19.96,-14.061,0.014
21.9899999998,-13.922,0.014
23.9299999997,-13.842,0.015
25.9299999997,-13.73,0.028
27.9399999999,-13.426,0.016
29.9899999998,-13.157,0.021
35.9699999997,-11.813,0.046
38.9899999998,-11.387,0.073
42.0,-11.196,0.083
47.9899999998,-11.064,0.047
53.9899999998,-11.079,0.061
62.9899999998,-10.947,0.073
68.9399999999,-10.976,0.059
74.9399999999,-11.023,0.068
80.8899999997,-11.159,0.153
3.90999999968,-14.328,0.016
9.90999999968,-14.163,0.031
33.8099999996,-12.113,0.034
35.8099999996,-11.591,0.019
37.9099999997,-10.98,0.021
62.8099999996,-10.556,0.021
98.71,-10.48,0.028
144.71,-10.179,0.296
159.71,-9.976,0.034
180.61,-9.933,0.031
211.51,-9.912,0.081
