3.22999999998,-17.809,0.036
4.16999999993,-18.128,0.025
5.16999999993,-18.272,0.018
6.16999999993,-18.305,0.029
7.16999999993,-18.361,0.017
8.16999999993,-18.393,0.024
9.16999999993,-18.418,0.017
11.1600000001,-18.467,0.021
12.1899999999,-18.48,0.017
13.1699999999,-18.455,0.022
15.1600000001,-18.395,0.02
16.1800000002,-18.37,0.019
17.1800000002,-18.313,0.021
20.1499999999,-18.145,0.029
22.1499999999,-17.999,0.08
24.1499999999,-17.866,0.05
26.1499999999,-17.732,0.038
28.1499999999,-17.684,0.055
30.1499999999,-17.418,0.041
32.1499999999,-17.19,0.055
34.1499999999,-17.172,0.049
36.1499999999,-17.006,0.073
38.1400000001,-16.792,0.069
40.1400000001,-16.807,0.068
42.1400000001,-16.539,0.117
46.1299999999,-16.294,0.134
49.1299999999,-16.373,0.102
55.1200000001,-15.993,0.192
