-2.98,-18.582,0.051
-1.96999999999,-18.671,0.024
-1.05,-18.627,0.037
0.0,-18.7,0.023
3.99000000001,-18.505,0.202
13.04,-17.273,0.247
14.04,-17.306,0.104
15.04,-17.135,0.044
18.04,-16.977,0.063
20.04,-16.673,0.123
21.04,-16.681,0.094
22.04,-16.662,0.082
25.04,-16.317,0.228
26.04,-16.479,0.162
27.04,-16.295,0.069
29.04,-16.319,0.047
31.04,-16.187,0.281
35.04,-16.16,0.099
50.04,-15.829,0.105
2.68,-18.627,0.051
13.64,-17.488,0.069
14.54,-17.183,0.103
15.47,-16.934,0.117
16.47,-17.046,0.081
17.48,-16.901,0.1
18.48,-16.738,0.12
19.48,-16.827,0.054
20.47,-16.73,0.057
26.47,-16.273,0.085
27.52,-16.299,0.134
31.48,-16.099,0.141
39.57,-16.084,0.216
41.49,-15.887,0.212
42.52,-15.817,0.293
43.47,-15.895,0.099
59.24,-15.617,0.15
37.04,-16.065,0.081
42.52,-15.963,0.123
50.04,-15.839,0.075
30.23,-16.328,0.06
1.21000000001,-18.714,0.03
44.62,-15.906,0.21
20.65,-16.61,0.06
16.74,-16.964,0.03
16.74,-16.964,0.03
52.04,-15.75,0.175
69.04,-15.894,0.334
76.04,-15.268,0.168
77.04,-15.379,0.22
79.04,-15.4,0.241
81.04,-15.285,0.208
83.04,-15.794,0.202
317.4,-12.063,0.207
382.32,-11.161,0.113
