28.7000000002,-14.77799,0.016
31.7000000002,-14.69199,0.016
32.7000000002,-14.67099,0.017
48.6000000001,-14.30499,0.016
51.6000000001,-14.26099,0.014
54.6000000001,-14.21599,0.014
55.6000000001,-14.21899,0.016
63.6000000001,-14.09299,0.022
77.6000000001,-13.95099,0.016
83.5,-13.82599,0.016
84.5,-13.85799,0.022
117.5,-11.50899,0.018
180.9,-11.09399,0.101
229.9,-10.58599,0.076
231.9,-10.84399,0.047
289.8,-10.30099,0.1
335.8,-10.18399,0.157
350.8,-9.64199,0.077
371.8,-9.50699,0.153
379.6,-9.70399,0.069
384.6,-9.38499,0.087
402.6,-9.19499,0.105
