0.0,-17.88,0.02
2.00999999978,-17.831,0.021
4.01999999955,-17.778,0.02
7.00999999978,-17.708,0.024
7.97999999998,-17.616,0.023
10.0099999998,-17.51,0.033
12.0099999998,-17.422,0.033
14.0,-17.278,0.03
15.9899999998,-17.206,0.042
19.9499999997,-16.856,0.115
27.0099999998,-16.675,0.076
29.9399999999,-16.405,0.08
32.98,-16.15,0.084
36.9699999997,-15.845,0.112
39.9899999998,-15.846,0.111
42.9699999997,-15.677,0.103
45.9499999997,-15.513,0.13
48.8899999997,-15.225,0.157
54.8999999999,-15.463,0.241
57.8999999999,-15.178,0.249
61.8899999997,-15.158,0.258
30.3099999996,-16.153,0.016
33.3099999996,-16.046,0.017
34.4099999997,-15.949,0.016
36.3099999996,-15.893,0.016
43.4099999997,-15.589,0.021
57.3099999996,-15.145,0.024
80.3099999996,-14.537,0.169
