2399999.12,-17.0393,0.031
2400000.09,-17.0783,0.026
2400001.1,-16.9783,0.037
2400005.12,-16.8243,0.037
2400013.11,-16.3583,0.031
2400021.12,-15.9893,0.032
2400027.15,-15.7753,0.026
2400027.18,-15.8003,0.018
2400033.1,-15.5443,0.029
2400040.08,-15.4253,0.025
2400047.05,-15.2663,0.034
2400055.03,-15.1183,0.031
2400061.16,-15.0183,0.021
2400062.05,-14.9373,0.034
2400068.98,-14.7643,0.039
2400075.99,-14.4713,0.027
2400083.96,-13.6913,0.039
2400089.05,-12.8003,0.025
2400090.95,-12.4623,0.2
2400111.93,-12.1103,0.08
2400118.99,-12.0703,0.08
2400151.96,-11.7853,0.045
2400001.2,-17.0323,0.016
2400010.2,-16.5853,0.016
2400012.2,-16.4723,0.016
2400024.1,-15.9253,0.025
2400027.2,-15.7983,0.016
2400029.2,-15.7243,0.012
2400030.2,-15.7053,0.016
2400036.2,-15.5133,0.021
2400037.2,-15.5083,0.016
2400051.1,-15.2373,0.016
2400073.1,-14.6413,0.016
2400075.1,-14.5783,0.023
2400080.9,-14.1603,0.016
2400088.1,-12.8803,0.028
2400089.1,-12.6493,0.026
2400109.1,-12.1313,0.043
2400117.0,-12.0563,0.036
2400121.9,-11.9973,0.037
2400122.9,-11.9973,0.038
2400140.0,-11.8153,0.035
