-11.565,-18.0066,0.0082
-11.344,-18.1093,0.0017
-7.888,-18.7628,0.0099
-6.78,-18.9291,0.0192
-6.41499999999,-19.0343,0.0043
-4.575,-19.1755,0.0099
-2.48899999999,-19.2512,0.0067
-1.54399999999,-19.273,0.0073
-0.549999999996,-19.2679,0.0092
0.560000000005,-19.2549,0.0035
2.56,-19.1879,0.0076
3.66,-19.1533,0.0067
4.56,-19.1074,0.0077
6.643,-18.9814,0.0041
7.61,-18.9104,0.0017
8.49000000001,-18.8474,0.0047
9.495,-18.7645,0.0005
10.129,-18.6875,0.0141
15.254,-18.109,0.0128
16.536,-18.0439,0.0038
17.465,-17.9267,0.0103
18.417,-17.827,0.0052
19.429,-17.7031,0.0019
20.5,-17.5987,0.0028
25.555,-17.1132,0.0011
30.63,-16.7295,0.0041
34.108,-16.372,0.014
39.092,-16.2422,0.0025
44.56,-16.1481,0.008
48.094,-16.15,0.0755
50.574,-16.0246,0.0018
52.089,-16.1138,0.0139
54.079,-15.8505,0.0154
58.11,-15.8841,0.0065
62.577,-15.8202,0.0023
71.383,-15.6831,0.0095
108.417,-15.1278,0.0067
132.365,-14.7991,0.0052
142.394,-14.7383,0.0027
