0.0,-16.44,0.015
5.05000000028,-16.699,0.01
7.99000000022,-16.651,0.01
10.9900000002,-16.526,0.013
13.98,-16.462,0.023
16.98,-16.353,0.01
19.9900000002,-16.175,0.014
23.0700000003,-16.038,0.015
25.9500000002,-15.882,0.016
32.9700000002,-15.652,0.023
37.9399999999,-15.581,0.018
40.9300000002,-15.471,0.023
43.9000000004,-15.487,0.017
46.9199999999,-15.374,0.015
49.9100000001,-15.354,0.092
54.8900000001,-15.342,0.076
69.8500000001,-15.022,0.016
73.8700000001,-14.953,0.021
79.8200000003,-14.844,0.029
100.8,-13.466,0.061
103.77,-13.165,0.109
119.78,-12.666,0.271
122.78,-12.927,0.105
125.78,-12.737,0.172
6.86000000034,-16.255,0.016
30.7600000002,-15.379,0.017
31.8600000003,-15.326,0.02
45.7600000002,-15.039,0.016
65.7600000002,-14.723,0.016
74.6600000001,-14.534,0.016
96.7600000002,-13.571,0.019
