0.0,-17.405,0.02
0.950000000004,-17.459,0.024
2.91,-17.52,0.019
4.92,-17.529,0.016
6.92,-17.523,0.016
8.94,-17.49,0.018
10.96,-17.443,0.013
13.86,-17.377,0.029
15.88,-17.306,0.056
18.96,-17.128,0.04
20.93,-17.111,0.034
22.88,-17.038,0.025
24.86,-16.938,0.024
26.85,-16.868,0.03
28.83,-16.769,0.023
32.84,-16.558,0.034
34.83,-16.477,0.039
36.84,-16.39,0.047
38.88,-16.342,0.038
40.86,-16.247,0.054
42.83,-16.231,0.071
45.91,-16.025,0.167
48.84,-16.026,0.045
51.86,-15.915,0.063
54.84,-15.892,0.064
57.84,-15.891,0.047
61.86,-15.756,0.083
70.8,-15.5,0.158
78.76,-15.567,0.053
98.73,-15.128,0.282
