36.4,-14.98,0.05
39.6,-14.95,0.06
41.6,-14.87,0.05
42.6,-14.87,0.05
43.4,-14.99,0.05
47.4,-14.62,0.07
49.6,-14.7,0.06
59.4,-14.79,0.12
60.3,-14.61,0.06
79.7,-14.3,0.05
125.4,-11.52,0.05
134.4,-11.4,0.05
138.7,-11.37,0.05
147.6,-11.27,0.17
156.5,-11.21,0.05
159.7,-11.21,0.05
183.6,-11.04,0.05
189.4,-11.07,0.05
204.5,-10.91,0.05
241.4,-10.78,0.06
243.4,-10.69,0.06
274.3,-10.58,0.07
276.3,-10.57,0.07
278.3,-10.47,0.07
279.3,-10.55,0.08
315.1,-10.24,0.1
317.3,-10.32,0.1
33.31,-15.19,0.02
35.32,-15.19,0.02
51.27,-14.76,0.03
55.52,-14.78,0.02
57.57,-14.77,0.02
61.55,-14.73,0.02
62.47,-14.71,0.02
67.52,-14.66,0.02
68.56,-14.59,0.03
70.58,-14.57,0.03
74.6,-14.56,0.03
76.54,-14.48,0.02
82.51,-14.36,0.03
107.49,-12.93,0.03
120.49,-11.7,0.03
122.63,-11.73,0.03
125.6,-11.74,0.03
128.57,-11.72,0.03
130.51,-11.7,0.03
131.54,-11.7,0.03
133.52,-11.66,0.03
134.56,-11.65,0.03
134.62,-11.61,0.02
136.53,-11.65,0.04
144.53,-11.59,0.03
168.54,-11.41,0.03
170.54,-11.39,0.02
171.54,-11.42,0.02
174.57,-11.38,0.04
198.36,-11.15,0.02
199.38,-11.2,0.02
200.42,-11.16,0.02
202.4,-11.27,0.04
219.33,-11.22,0.03
225.28,-11.23,0.05
240.38,-11.1,0.06
245.38,-11.18,0.08
249.49,-11.05,0.02
250.27,-11.06,0.02
257.28,-10.96,0.06
259.4,-10.97,0.04
269.4,-11.01,0.04
278.33,-10.97,0.05
322.32,-10.76,0.05
343.27,-10.65,0.03
400.47,-10.37,0.05
401.54,-10.34,0.03
406.46,-10.34,0.04
406.54,-10.34,0.03
410.54,-10.16,0.04
420.52,-10.41,0.05
425.55,-10.19,0.04
434.44,-10.29,0.09
441.5,-10.33,0.04
460.48,-10.13,0.05
489.55,-10.01,0.04
497.44,-9.88,0.04
541.44,-9.8,0.03
551.43,-9.68,0.06
614.47,-9.73,0.1
635.27,-9.56,0.08
639.3,-9.78,0.03
640.26,-9.55,0.04
672.33,-9.39,0.16
699.27,-9.61,0.03
700.27,-9.56,0.04
847.76,-9.46,0.04
848.76,-9.36,0.04
899.54,-9.65,0.07
904.57,-9.53,0.04
959.47,-9.32,0.03
994.44,-9.28,0.03
1231.52,-9.37,0.04
