-3.3,-17.57,0.041
-1.3,-17.61,0.03
-0.299999999996,-17.63,0.145
0.300000000003,-17.62,0.051
4.0,-17.45,0.06
4.7,-17.3,0.049
5.0,-17.34,0.044
5.4,-17.27,0.109
5.7,-17.26,0.107
6.4,-17.17,0.1
6.7,-17.16,0.093
7.4,-17.11,0.039
7.7,-17.13,0.143
14.2,-16.55,0.051
15.7,-16.44,0.09
18.7,-16.22,0.14
19.2,-16.2,0.054
20.5,-16.15,0.106
21.3,-16.09,0.03
22.7,-16.02,0.149
24.3,-15.92,0.151
27.3,-15.73,0.061
27.3,-15.7,0.05
28.4,-15.67,0.047
29.5,-15.65,0.093
30.3,-15.6,0.087
30.7,-15.64,0.151
31.4,-15.55,0.048
32.4,-15.49,0.07
43.4,-15.16,0.061
48.3,-15.06,0.071
50.3,-15.04,0.115
257.6,-12.24,0.349
