-12.7,-16.938,0.1
-11.71,-17.408,0.1
-10.71,-17.798,0.05
-9.66,-18.078,0.05
-8.64999999999,-18.338,0.05
-10.44,-17.868,0.021
-9.52,-18.108,0.012
-8.87,-18.248,0.016
-8.68,-18.268,0.014
-8.53,-18.378,0.042
-7.50999999999,-18.538,0.013
-6.84,-18.598,0.014
-5.53999999999,-18.808,0.016
-4.50999999999,-18.908,0.018
-3.82999999999,-18.958,0.012
-3.5,-18.978,0.019
-2.87,-18.988,0.013
-2.5,-19.038,0.024
-1.82999999999,-19.058,0.015
-1.5,-19.058,0.015
-0.839999999997,-19.048,0.012
-0.489999999998,-19.078,0.017
0.460000000006,-19.078,0.021
1.49000000001,-19.038,0.015
2.19,-19.008,0.01
2.43,-18.988,0.018
3.23,-18.958,0.011
3.48,-18.948,0.055
3.78000000001,-18.928,0.019
4.46000000001,-18.878,0.011
4.74000000001,-18.868,0.011
5.16,-18.808,0.018
5.19,-18.808,0.011
6.13,-18.688,0.011
7.10000000001,-18.668,0.011
9.43,-18.418,0.013
9.72,-18.358,0.016
11.1,-18.128,0.016
11.43,-18.168,0.012
11.72,-18.098,0.011
13.43,-17.868,0.015
14.22,-17.708,0.016
15.22,-17.638,0.011
15.42,-17.648,0.027
19.41,-17.148,0.029
20.43,-17.078,0.235
21.12,-17.118,0.011
21.72,-16.938,0.014
22.17,-16.918,0.041
22.4,-16.958,0.07
23.7,-16.738,0.031
24.44,-16.728,0.066
24.76,-16.698,0.041
27.72,-16.458,0.072
27.74,-16.478,0.059
28.73,-16.398,0.096
28.75,-16.388,0.105
29.41,-16.458,0.032
30.13,-16.348,0.011
31.4,-16.438,0.023
32.39,-16.308,0.11
33.4,-16.328,0.025
35.39,-16.098,0.029
37.4,-16.048,0.06
39.13,-15.988,0.07
43.16,-15.908,0.21
46.07,-15.888,0.05
46.12,-15.818,0.048
47.03,-15.858,0.054
48.04,-15.858,0.24
49.39,-15.848,0.1
50.11,-15.798,0.24
52.39,-15.828,0.5
55.33,-15.868,0.275
55.39,-15.828,0.215
56.07,-15.768,0.017
58.39,-15.688,0.082
60.38,-15.638,0.145
71.0,-15.488,0.048
74.0,-15.388,0.08
74.39,-15.388,0.28
199.69,-13.978,0.018
223.7,-13.108,0.013
224.71,-13.028,0.014
225.44,-12.798,0.3
227.44,-12.948,0.05
272.29,-12.228,0.1
305.3,-11.758,0.19
313.49,-11.618,0.093
326.33,-11.348,0.059
345.35,-11.168,0.036
