1.03000000026,-13.08503,0.16
1.03000000026,-13.08503,0.16
2.02000000002,-14.63503,0.05
2.03000000026,-14.64503,0.19
3.95999999996,-15.07503,0.0
4.06000000006,-15.07503,0.19
4.06000000006,-15.07503,0.08
4.16000000015,-15.07503,0.08
4.95000000019,-15.05503,0.02
6.06000000006,-14.99503,0.02
6.93000000017,-15.01503,0.02
7.09000000032,-14.98503,0.01
9.02000000002,-14.91503,0.02
9.04000000004,-14.91503,0.01
9.43999999994,-14.88503,0.02
9.91999999993,-14.89503,0.02
11.0,-14.84503,0.02
12.9199999999,-14.72503,0.02
14.8999999999,-14.57503,0.02
14.98,-14.56503,0.0
15.02,-14.55503,0.01
15.8900000001,-14.54503,0.02
16.96,-14.38503,0.05
16.98,-14.42503,0.02
17.0500000003,-14.41503,0.01
17.9300000002,-14.27503,0.02
17.96,-14.35503,0.01
18.0,-14.37503,0.02
18.8900000001,-14.33503,0.03
21.0100000002,-14.12503,0.01
22.8900000001,-14.06503,0.02
23.0,-14.09503,0.02
23.0,-14.09503,0.02
24.0,-14.08503,0.03
29.0,-13.98503,0.07
31.0,-13.86503,0.04
31.9199999999,-13.77503,0.05
34.9900000002,-13.71503,0.02
35.0700000003,-13.70503,0.03
36.98,-13.69503,0.07
37.0,-13.67503,0.05
38.0300000003,-13.63503,0.01
38.9100000001,-13.69503,0.05
39.98,-13.61503,0.01
40.98,-13.57503,0.01
44.9100000001,-13.64503,0.03
45.02,-13.53503,0.01
46.9900000002,-13.50503,0.02
46.9900000002,-13.50503,0.01
51.04,-13.46503,0.03
52.0100000002,-13.45503,0.03
56.9500000002,-13.38503,0.06
57.02,-13.37503,0.02
58.02,-13.35503,0.03
58.9399999999,-13.57503,0.06
61.9399999999,-13.36503,0.02
61.9700000002,-13.36503,0.01
62.0,-13.39503,0.01
63.8900000001,-13.38503,0.03
64.9399999999,-13.37503,0.07
64.9500000002,-13.36503,0.04
64.96,-13.36503,0.06
66.9300000002,-13.35503,0.02
66.9500000002,-13.34503,0.03
68.9500000002,-13.32503,0.03
69.8799999999,-13.47503,0.06
70.9500000002,-13.33503,0.03
71.8500000001,-13.32503,0.03
72.8500000001,-13.31503,0.08
79.8500000001,-13.35503,0.04
79.9500000002,-13.27503,0.03
95.79,-12.93503,0.19
104.84,-13.09503,0.13
106.88,-12.86503,0.23
111.88,-12.65503,0.02
113.86,-12.59503,0.12
123.27,-11.37503,0.11
124.28,-11.01503,0.03
130.24,-8.82503,0.28
131.37,-8.41503,0.29
133.36,-8.37503,0.33
134.25,-8.35503,0.08
135.3,-8.33503,0.29
137.37,-8.30503,0.16
151.32,-8.07503,0.53
158.31,-7.95503,0.34
159.34,-7.90503,0.12
159.35,-7.90503,0.47
161.34,-7.92503,0.24
170.29,-7.83503,0.1
177.32,-7.83503,0.35
183.24,-7.82503,0.22
187.22,-7.80503,0.18
202.34,-7.76503,0.22
221.32,-7.71503,0.07
222.17,-7.70503,0.04
226.23,-7.69503,0.25
238.17,-7.67503,0.05
252.17,-7.66503,0.42
267.05,-7.63503,0.21
282.06,-7.56503,0.09
297.0,-7.50503,0.04
312.01,-7.42503,0.1
323.27,-7.30503,0.1
356.11,-7.07503,0.1
378.03,-6.75503,0.2
