2399994.009,-16.546,0.022
2399995.032,-16.775,0.022
2399996.056,-16.955,0.022
2399997.042,-17.092,0.029
2399998.047,-17.144,0.025
2399999.005,-17.201,0.027
2400001.023,-17.228,0.04
2400002.049,-17.177,0.042
2400002.79,-17.038,0.036
2400006.991,-16.438,0.031
2400007.92,-16.257,0.026
2400007.999,-16.223,0.023
2400008.91,-16.086,0.046
2400008.967,-16.076,0.022
2400020.75,-14.998,0.073
2400020.75,-15.017,0.133
2400022.89,-14.974,0.05
2400023.81,-14.858,0.081
2400029.947,-14.742,0.176
2400036.8,-14.489,0.075
2400037.84,-14.503,0.124
2400041.82,-14.531,0.097
