-12.45,-16.599,0.016
-11.52,-16.704,0.016
-7.51,-17.04,0.016
-6.49,-17.089,0.016
-5.53,-17.104,0.016
-4.46,-17.112,0.016
-3.54,-17.069,0.016
-2.54,-17.028,0.016
-1.53,-16.984,0.016
-0.580000000002,-16.998,0.016
0.440000000002,-17.003,0.016
1.41,-17.013,0.016
2.42,-17.075,0.025
3.44,-17.144,0.016
4.51,-17.174,0.016
9.41,-17.642,0.016
10.4,-17.761,0.016
11.38,-17.867,0.016
13.41,-17.991,0.025
15.43,-18.036,0.016
16.44,-18.066,0.016
17.36,-18.093,0.016
19.35,-18.06,0.016
20.36,-18.047,0.016
21.36,-17.989,0.016
22.36,-17.961,0.016
23.36,-17.915,0.016
24.38,-17.862,0.016
26.37,-17.735,0.016
28.55,-17.608,0.016
29.36,-17.54,0.016
30.4,-17.473,0.023
31.38,-17.367,0.016
32.55,-17.229,0.018
33.36,-17.22,0.016
36.35,-16.927,0.016
37.35,-16.798,0.016
40.36,-16.466,0.016
41.34,-16.391,0.016
42.35,-16.312,0.025
43.37,-16.181,0.018
44.35,-16.053,0.017
45.35,-15.979,0.038
46.35,-15.815,0.051
47.41,-15.803,0.016
48.37,-15.791,0.016
49.38,-15.693,0.017
50.37,-15.623,0.018
58.38,-15.27,0.037
58.39,-15.207,0.043
62.36,-15.014,0.068
85.37,-14.387,0.063
89.37,-14.165,0.133
