-12.1,-17.469353,0.0
-11.62,-17.658536,0.0
-11.03,-17.919168,0.0
-10.84,-18.006846,0.0
-9.87,-18.331332,0.0
-9.56,-18.369551,0.0
-9.03,-18.53936,0.0
-8.75,-18.591733,0.0
-7.65,-18.80013,0.0
-6.43,-19.032468,0.0
-6.05,-19.06865,0.0
-5.86,-19.090116,0.0
-4.76,-19.207434,0.0
-3.62,-19.236837,0.0
-3.62,-19.260629,0.0
-2.88,-19.322075,0.0
-2.52,-19.288827,0.0
-1.81,-19.334274,0.0
-0.870000000003,-19.395715,0.0
-0.5,-19.343953,0.0
-0.010000000002,-19.391683,0.0
2.47,-19.337323,0.0
4.36,-19.241836,0.0
5.21,-19.210849,0.0
5.37,-19.166789,0.0
6.13,-19.164193,0.0
6.41,-19.075872,0.0
7.37,-19.03231,0.0
8.26,-19.010317,0.0
8.53,-18.815996,0.0
9.14,-18.885842,0.0
9.51,-18.87781,0.0
11.13,-18.740265,0.0
12.3,-18.608267,0.0
12.36,-18.573179,0.0
12.43,-18.569939,0.0
12.5,-18.568966,0.0
13.45,-18.436305,0.0
14.4,-18.334112,0.0
16.37,-18.087035,0.0
17.48,-18.030857,0.0
19.37,-17.746775,0.0
20.37,-17.666364,0.0
21.47,-17.590604,0.0
24.48,-17.315334,0.0
25.19,-17.204871,0.0
25.49,-17.133617,0.0
28.48,-16.979396,0.0
29.24,-16.877952,0.0
29.37,-16.862471,0.0
30.37,-16.773298,0.0
30.5,-16.835989,0.0
32.41,-16.613597,0.0
35.57,-16.434511,0.0
37.6,-16.34373,0.0
38.21,-16.337788,0.0
39.55,-16.274687,0.0
41.2,-16.291448,0.0
41.51,-16.227946,0.0
44.55,-16.133807,0.0
47.61,-16.108411,0.0
49.41,-16.082495,0.0
50.2,-16.120315,0.0
53.14,-16.058542,0.0
53.56,-16.01767,0.0
56.56,-15.946822,0.0
57.13,-15.987579,0.0
61.5,-15.925674,0.0
64.38,-15.842809,0.0
70.15,-15.76047,0.0
77.38,-15.640018,0.0
79.37,-15.615457,0.0
83.1,-15.589723,0.0
87.11,-15.510166,0.0
-8.45,-18.671,0.04
-7.44,-18.771,0.04
-6.44,-19.021,0.04
-3.56,-19.281,0.04
-3.23,-19.291,0.05
-2.02,-19.341,0.05
14.27,-18.291,0.04
16.52,-18.031,0.04
30.33,-16.871,0.05
41.17,-16.291,0.04
-12.25,-17.331,0.022
-12.23,-17.352,0.029
-11.26,-17.78,0.022
-11.13,-17.835,0.022
-10.85,-17.877,0.041
-10.23,-18.157,0.022
-10.13,-18.166,0.022
-9.87,-18.18,0.022
-9.37,-18.344,0.022
-9.32,-18.388,0.022
-9.21,-18.419,0.022
-9.15,-18.437,0.022
-8.58,-18.588,0.024
-8.31,-18.627,0.022
-8.24,-18.638,0.022
-8.13,-18.657,0.022
-7.32,-18.804,0.022
-7.25,-18.83,0.022
-6.56,-18.924,0.022
-6.36,-18.917,0.022
-6.31,-18.952,0.022
-6.15,-18.981,0.022
-5.57,-19.068,0.022
-5.25,-19.07,0.022
-5.16,-19.088,0.022
-4.57,-19.176,0.025
-4.29,-19.163,0.022
-3.58,-19.215,0.022
-3.41,-19.19,0.022
-3.32,-19.213,0.022
-2.33,-19.254,0.022
-2.21,-19.265,0.022
-2.17,-19.267,0.022
-1.58,-19.277,0.022
-1.13,-19.288,0.022
-0.580000000002,-19.31,0.021
-0.339999999997,-19.281,0.022
-0.279999999999,-19.308,0.022
-0.160000000003,-19.312,0.022
0.730000000003,-19.294,0.022
0.839999999997,-19.309,0.022
1.43,-19.282,0.022
1.72,-19.29,0.022
1.74,-19.277,0.022
1.83,-19.3,0.022
2.44,-19.212,0.021
2.7,-19.229,0.022
2.83,-19.25,0.022
3.47,-19.214,0.022
4.68,-19.116,0.022
8.61,-18.838,0.045
8.72,-18.841,0.022
8.76,-18.891,0.035
9.68,-18.76,0.022
9.82,-18.749,0.022
10.77,-18.714,0.021
10.8,-18.653,0.023
11.82,-18.554,0.022
12.75,-18.466,0.026
13.67,-18.378,0.022
15.74,-18.176,0.022
15.79,-18.15,0.022
16.66,-18.052,0.022
16.67,-18.02,0.022
16.79,-18.052,0.021
18.07,-17.886,0.032
19.4,-17.702,0.031
19.73,-17.738,0.021
19.83,-17.707,0.022
20.45,-17.633,0.021
20.66,-17.623,0.022
21.77,-17.492,0.025
23.68,-17.327,0.022
23.73,-17.31,0.026
25.48,-17.14,0.022
25.59,-17.13,0.022
25.61,-17.12,0.022
25.7,-17.153,0.022
25.73,-17.166,0.021
25.76,-17.132,0.022
27.73,-17.006,0.022
28.42,-16.921,0.022
28.63,-16.86,0.022
28.72,-16.874,0.022
29.03,-16.83,0.025
29.42,-16.85,0.023
29.7,-16.83,0.025
29.73,-16.804,0.024
31.39,-16.675,0.022
31.71,-16.687,0.025
35.4,-16.452,0.031
35.54,-16.448,0.022
36.7,-16.43,0.033
36.8,-16.423,0.054
38.7,-16.299,0.037
39.6,-16.293,0.026
40.7,-16.257,0.023
40.76,-16.241,0.036
42.4,-16.221,0.022
42.61,-16.187,0.022
42.73,-16.196,0.025
44.69,-16.208,0.022
45.55,-16.126,0.022
46.69,-16.142,0.026
47.0,-16.103,0.055
48.69,-16.092,0.025
50.69,-16.09,0.028
52.69,-16.046,0.033
54.69,-16.025,0.026
54.71,-16.026,0.033
56.69,-15.974,0.027
58.69,-15.918,0.031
62.68,-15.861,0.055
65.68,-15.81,0.059
68.67,-15.816,0.051
70.01,-15.706,0.038
71.11,-15.668,0.078
71.67,-15.661,0.051
74.67,-15.67,0.051
77.67,-15.756,0.051
80.66,-15.622,0.051
83.66,-15.606,0.051
84.65,-15.478,0.051
87.66,-15.386,0.051
90.65,-15.509,0.064
