-11.74,-17.7873,0.014
-10.76,-17.8473,0.012
-9.77,-17.9093,0.046
-8.74000000001,-17.9473,0.018
-3.76,-17.8913,0.069
-1.67000000001,-17.7053,0.027
-0.600000000006,-17.6533,0.021
0.339999999997,-17.5003,0.02
2.32999999999,-17.2423,0.021
5.25999999999,-16.7813,0.012
14.26,-15.6533,0.021
18.23,-15.4193,0.011
21.22,-15.3133,0.019
25.23,-15.1553,0.033
30.26,-15.0813,0.016
36.33,-15.0673,0.096
38.99,-15.0543,0.01
39.34,-14.9693,0.024
41.27,-14.8963,0.014
56.26,-14.7093,0.031
58.25,-14.5883,0.045
225.24,-12.3353,0.033
374.93,-9.7073,0.124
-16.2,-17.0983,0.016
-14.15,-17.4963,0.016
-9.21000000001,-17.9423,0.016
-8.21000000001,-17.9963,0.016
-7.18,-17.9923,0.016
-4.2,-17.9393,0.016
-2.14,-17.7843,0.016
-1.19,-17.7033,0.016
2.86,-17.1983,0.016
3.84,-17.0493,0.016
6.78999999999,-16.5863,0.016
7.82,-16.4333,0.016
10.83,-16.0623,0.016
14.87,-15.6803,0.016
20.77,-15.4253,0.018
28.76,-15.2013,0.032
33.79,-15.0953,0.02
36.81,-15.0123,0.021
38.83,-15.0653,0.021
44.75,-14.9883,0.016
47.75,-14.9203,0.017
53.74,-14.8513,0.053
56.76,-14.7813,0.074
59.75,-14.7593,0.031
69.73,-14.6423,0.027
-16.21,-17.1003,0.006
-16.07,-17.1473,0.016
-14.07,-17.5583,0.016
-12.02,-17.7843,0.015
-11.1,-17.8593,0.016
-7.05,-17.9873,0.016
-2.10000000001,-17.8243,0.032
-1.05,-17.7113,0.016
-0.0900000000038,-17.6053,0.016
0.899999999994,-17.4703,0.015
1.87,-17.3523,0.015
2.92,-17.2033,0.015
3.94,-17.0363,0.015
4.86,-16.9313,0.015
5.85,-16.7883,0.017
6.88,-16.6213,0.015
9.75,-16.2463,0.014
9.91,-16.2493,0.015
16.87,-15.7423,0.023
18.89,-15.6223,0.022
26.83,-15.2003,0.04
37.86,-15.1533,0.022
