11.45,-15.91,0.09
16.36,-15.77,0.08
18.42,-15.76,0.06
21.4,-15.63,0.1
26.4,-15.47,0.06
47.38,-14.73,0.09
48.32,-14.86,0.07
53.36,-14.63,0.06
59.41,-14.7,0.08
62.38,-14.56,0.09
68.37,-14.56,0.08
113.34,-13.58,0.11
115.31,-13.13,0.14
119.31,-12.57,0.05
122.29,-12.62,0.14
236.58,-11.33,0.1
240.57,-11.4,0.15
14.86,-15.942,0.05
18.84,-15.858,0.016
25.84,-15.577,0.026
27.82,-15.47,0.018
29.8,-15.39,0.021
31.79,-15.328,0.02
33.77,-15.217,0.033
35.85,-15.161,0.035
39.79,-15.057,0.033
43.74,-15.029,0.031
45.77,-15.02,0.031
54.77,-14.852,0.024
67.69,-14.667,0.036
70.69,-14.642,0.027
73.69,-14.604,0.027
77.81,-14.591,0.039
80.69,-14.515,0.049
86.7,-14.455,0.036
90.71,-14.357,0.046
94.7,-14.296,0.036
99.7,-14.185,0.03
104.7,-14.027,0.051
109.7,-13.799,0.05
114.69,-13.256,0.068
