0.410000000149,-12.73703,0.122
0.449000000022,-13.09003,0.145
0.456999999937,-13.14603,0.153
1.41500000004,-14.78803,0.124
1.42299999995,-14.81103,0.148
3.36400000006,-15.07203,0.009
4.35000000009,-15.05503,0.023
5.45999999996,-14.99503,0.02
6.4870000002,-14.97703,0.015
8.41999999993,-14.91203,0.026
8.83600000013,-14.88503,0.029
10.3999999999,-14.84103,0.024
13.4249999998,-14.63603,0.012
14.3799999999,-14.56103,0.006
14.4199999999,-14.55403,0.01
16.3799999999,-14.41903,0.02
16.4479999999,-14.40903,0.014
17.3599999999,-14.35003,0.01
17.3999999999,-14.37303,0.025
20.415,-14.12003,0.017
22.3999999999,-14.09103,0.025
23.3999999999,-14.07603,0.037
28.3999999999,-13.97603,0.078
30.3999999999,-13.86003,0.046
34.3900000001,-13.70703,0.022
34.4700000002,-13.69703,0.037
36.3799999999,-13.69303,0.075
36.398,-13.66703,0.009
37.4249999998,-13.62603,0.014
39.3810000001,-13.61503,0.017
40.3760000002,-13.57503,0.015
44.4240000001,-13.53103,0.018
46.3870000001,-13.49603,0.021
46.392,-13.50503,0.012
50.4360000002,-13.45603,0.037
51.4139999999,-13.45303,0.035
56.3470000001,-13.37703,0.061
56.4190000002,-13.37003,0.026
57.4160000002,-13.35503,0.034
61.341,-13.36003,0.029
61.3730000001,-13.36303,0.019
61.3960000002,-13.39503,0.018
64.341,-13.36603,0.078
64.3539999998,-13.35803,0.047
66.3300000001,-13.34903,0.026
66.3530000001,-13.33703,0.034
68.3509999998,-13.32503,0.034
70.3500000001,-13.32703,0.035
79.3509999998,-13.27103,0.039
105.259,-12.89103,0.23
106.284,-12.85703,0.237
111.277,-12.65003,0.027
111.314,-12.64303,0.092
113.261,-12.59303,0.122
122.673,-11.36603,0.11
123.68,-11.01503,0.033
130.767,-8.41203,0.29
134.695,-8.33303,0.29
150.723,-8.07203,0.53
157.71,-7.95403,0.34
158.747,-7.90303,0.47
160.74,-7.92003,0.244
166.566,-7.82903,0.43
176.716,-7.83303,0.35
225.626,-7.69103,0.25
265.461,-7.64203,0.21
310.418,-7.43203,0.32
6.33000000007,-15.01503,0.02
9.31999999983,-14.89503,0.02
12.3199999998,-14.72503,0.02
15.29,-14.54503,0.02
16.3599999999,-14.38503,0.05
17.3300000001,-14.27503,0.02
18.29,-14.33503,0.03
22.29,-14.06503,0.02
22.3999999999,-14.12503,0.02
31.3199999998,-13.77503,0.05
38.3100000001,-13.69503,0.05
44.3100000001,-13.64503,0.03
58.3399999999,-13.57503,0.06
63.29,-13.38503,0.03
69.2799999998,-13.47503,0.06
72.25,-13.31503,0.08
79.25,-13.35503,0.04
95.1899999999,-12.93503,0.19
104.24,-13.09503,0.13
