-2403036.8227,-80.16,0.29936
-2403035.7832,-80.02,0.28001
-2403027.743,-79.96,0.4822
-2403025.7206,-79.89,0.18174
-2403023.7782,-80.12,0.2766
-2403021.8232,-80.5,0.23273
-2403017.5889,-80.63,0.24426
-2403014.7021,-80.5,0.22719
-2403012.7835,-80.49,0.19226
-2403011.7425,-80.43,0.18066
-2403009.826,-80.34,0.22203
-2403008.7018,-80.5,0.18969
-2403001.8143,-80.51,0.24524
-2402990.7183,-80.51,0.21199
-2402984.7666,-80.53,0.25106
-2402981.7097,-80.73,0.19183
-2402971.7908,-80.66,0.12925
-2402969.8282,-80.51,0.49316
-2402960.0737,-80.74,0.13858
-2402958.7693,-80.57,0.2147
-2402956.8381,-80.78,0.15233
-2402955.7995,-80.66,0.25163
-2402952.8396,-80.6,0.19731
-2402943.803,-80.58,0.47643
-2402939.8696,-80.24,0.35607
-2402928.8948,-80.26,0.65501
-2402918.8927,-79.76,0.43038
