6.032,-17.481,0.02
7.126,-17.731,0.04
8.056,-17.87,0.04
10.048,-18.018,0.04
11.041,-18.086,0.03
12.049,-18.13,0.03
13.005,-18.063,0.04
14.03,-17.984,0.03
15.03,-17.893,0.02
16.03,-17.743,0.02
17.03,-17.601,0.03
18.01,-17.432,0.02
19.04,-17.371,0.03
21.03,-16.892,0.04
22.0,-16.795,0.03
23.0,-16.564,0.04
25.0,-16.347,0.04
27.0,-16.06,0.05
5.84,-17.517,0.1
7.92,-17.796,0.03
8.97,-17.923,0.03
11.05,-18.108,0.02
12.09,-18.137,0.02
13.13,-18.205,0.13
14.17,-18.108,0.02
15.09,-17.923,0.02
16.13,-17.807,0.02
17.17,-17.701,0.03
19.26,-17.412,0.07
