4.661,-17.997,0.007
5.675,-17.929,0.006
7.682,-17.852,0.005
7.7,-17.85,0.018
11.647,-17.501,0.006
12.643,-17.432,0.005
13.662,-17.341,0.005
14.628,-17.264,0.005
15.63,-17.147,0.011
15.632,-17.161,0.005
18.662,-16.893,0.005
19.622,-16.848,0.008
20.615,-16.722,0.009
20.624,-16.736,0.007
21.587,-16.633,0.019
27.595,-16.077,0.076
32.579,-15.789,0.022
32.642,-15.764,0.014
33.579,-15.749,0.027
35.586,-15.662,0.057
39.667,-15.484,0.008
49.474,-14.993,0.023
55.523,-14.659,0.163
58.651,-14.378,0.03
65.766,-13.514,0.022
66.58,-13.356,0.053
72.649,-12.594,0.09
74.568,-12.094,0.063
92.513,-10.507,0.22
97.699,-10.011,0.221
100.698,-9.55,0.13
121.441,-9.418,0.601
126.367,-8.837,0.401
3.0,-17.98967,0.04644
5.03,-18.02033,0.05438
7.0,-17.84625,0.0391
9.05,-17.77633,0.04697
12.03,-17.451,0.05056
13.0,-17.4357,0.00425
13.96,-17.3257,0.00583
14.02,-17.316,0.07379
20.05,-16.741,0.06572
23.06,-16.52133,0.06178
28.06,-16.038,0.0264
38.07,-15.51733,0.03306
49.07,-14.97533,0.05199
