-12.77,-13.932,0.024
-9.79,-14.866,0.015
-8.79,-15.109,0.015
-7.78000000001,-15.308,0.015
-6.79,-15.38,0.064
-4.78000000001,-15.726,0.015
-3.78000000001,-15.815,0.015
-2.79,-15.873,0.015
-1.8,-15.898,0.015
0.209999999999,-15.946,0.015
2.2,-15.883,0.015
3.21999999999,-15.801,0.015
6.2,-15.402,0.015
7.2,-15.241,0.015
8.21,-15.07,0.015
11.2,-14.611,0.015
16.19,-14.098,0.015
22.2,-13.774,0.015
27.19,-13.675,0.021
31.18,-13.634,0.026
34.18,-13.527,0.015
270.81,-9.073,0.127
343.73,-8.069,0.185
-10.82,-14.58,0.04
-9.71000000001,-14.91,0.06
-8.59,-15.21,0.04
-7.48,-15.38,0.04
-5.10000000001,-15.69,0.05
-1.66,-15.91,0.04
-0.68,-15.93,0.04
1.09,-15.94,0.04
2.67,-15.91,0.04
5.14,-15.56,0.05
6.32,-15.44,0.05
8.87,-14.98,0.06
10.26,-14.76,0.05
12.78,-14.35,0.06
16.63,-13.98,0.06
18.57,-13.98,0.06
20.58,-13.82,0.07
22.46,-13.75,0.07
