-6.23,-16.223,0.023
-6.10000000001,-16.389,0.057
-4.12,-16.538,0.02
-4.10000000001,-16.557,0.023
-3.07,-16.661,0.022
-2.17000000001,-16.729,0.025
-2.10000000001,-16.701,0.023
-1.06,-16.698,0.037
-0.290000000001,-16.699,0.021
-0.200000000004,-16.772,0.025
1.73,-16.715,0.025
1.8,-16.742,0.026
2.63,-16.63,0.03
2.8,-16.679,0.021
5.57,-16.48,0.022
7.48,-16.271,0.1
10.47,-16.01,0.15
13.69,-15.63,0.022
13.87,-15.767,0.044
16.87,-15.24,0.023
18.54,-15.088,0.1
19.8,-14.962,0.028
20.72,-14.949,0.026
20.75,-14.96,0.024
20.8,-14.817,0.028
21.73,-14.845,0.032
21.77,-14.787,0.024
23.65,-14.783,0.032
23.84,-14.679,0.015
25.64,-14.565,0.03
26.8,-14.556,0.021
27.65,-14.473,0.032
27.7,-14.5,0.021
28.84,-14.392,0.023
31.76,-14.419,0.035
33.63,-14.417,0.031
34.77,-14.4,0.024
36.8,-14.294,0.025
38.73,-14.3,0.025
44.71,-14.258,0.026
45.73,-14.29,0.024
45.76,-14.238,0.038
46.77,-14.209,0.025
47.77,-14.234,0.023
48.83,-14.185,0.026
52.75,-14.189,0.022
53.6,-14.158,0.03
55.8,-14.226,0.028
57.72,-14.152,0.032
59.72,-14.137,0.023
61.68,-14.068,0.029
65.78,-14.042,0.031
66.78,-14.035,0.029
69.9,-14.001,0.026
73.9,-13.915,0.025
80.78,-13.915,0.031
81.76,-13.832,0.041
88.83,-13.738,0.02
95.64,-13.629,0.037
102.71,-13.603,0.04
103.65,-13.545,0.035
103.73,-13.553,0.032
107.71,-13.465,0.028
107.74,-13.449,0.032
113.82,-13.38,0.04
123.69,-13.24,0.023
126.51,-13.18,0.029
126.59,-13.188,0.047
131.7,-13.133,0.031
135.6,-13.03,0.045
137.71,-12.972,0.037
142.6,-12.971,0.04
155.55,-12.818,0.046
157.56,-12.733,0.047
170.65,-12.539,0.04
