87.4700000002,-15.1161,0.016
88.4900000002,-15.0091,0.03
92.4700000002,-14.9661,0.04
93.4700000002,-14.9451,0.033
94.48,-14.9191,0.03
95.46,-14.8641,0.037
100.47,-14.7711,0.033
103.47,-14.6371,0.014
105.45,-14.6181,0.029
108.49,-14.4211,0.028
117.49,-13.9791,0.037
128.49,-13.1961,0.094
129.46,-13.1311,0.073
131.53,-13.0791,0.174
133.52,-13.2771,0.176
136.49,-13.1561,0.085
146.48,-12.7741,0.121
156.36,-12.8321,0.168
157.32,-12.6901,0.156
159.48,-13.2061,0.069
161.51,-12.9481,0.077
165.36,-12.6221,0.096
170.35,-12.8231,0.093
185.42,-12.8601,0.096
186.27,-12.6371,0.095
189.34,-12.7121,0.124
195.27,-12.8541,0.113
201.23,-13.3451,0.118
218.33,-12.6561,0.877
219.24,-12.6401,0.775
221.32,-12.7691,0.712
222.3,-12.7761,0.727
223.32,-12.2921,0.188
231.2,-12.9071,0.372
245.23,-11.2811,0.27
251.16,-12.4431,0.187
259.15,-12.6881,0.182
275.11,-11.9331,0.984
