-7.72999999998,-17.985,0.01
-6.75999999978,-17.969,0.01
20.1899999999,-15.387,0.03
24.1600000001,-15.284,0.034
27.1600000001,-15.154,0.041
45.1600000001,-14.878,0.067
168.46,-13.429,0.195
170.46,-13.249,0.165
173.46,-13.206,0.099
187.44,-13.211,0.252
192.44,-13.433,0.138
201.45,-13.313,0.186
-5.85000000009,-17.965,0.012
-3.87000000011,-17.847,0.035
-1.81000000006,-17.728,0.024
-0.810000000056,-17.636,0.02
0.100000000093,-17.557,0.018
16.1699999999,-15.694,0.078
18.1099999999,-15.558,0.058
20.1699999999,-15.701,0.074
23.1099999999,-15.207,0.165
26.1200000001,-15.208,0.106
29.1200000001,-15.187,0.186
