-14.11,-15.08,0.02
-10.17,-16.31,0.02
-8.03,-16.82,0.04
-6.28,-17.18,0.03
8.74000000001,-16.7,0.03
11.8,-16.16,0.02
12.9,-15.96,0.02
13.86,-15.86,0.02
21.65,-15.47,0.02
24.05,-15.41,0.05
34.65,-15.17,0.02
40.77,-15.12,0.01
41.68,-15.12,0.02
49.69,-14.96,0.02
81.78,-14.63,0.04
97.67,-14.29,0.02
105.71,-14.2,0.02
124.69,-13.81,0.02
246.99,-11.76,0.05
275.06,-11.12,0.12
333.84,-10.3,0.09
-16.116,-14.327,0.164
-15.153,-14.629,0.028
-14.173,-15.102,0.027
-13.134,-15.568,0.015
-12.097,-15.884,0.014
-11.213,-16.105,0.017
-10.235,-16.386,0.007
-7.27899999999,-16.955,0.005
-6.27299999999,-17.112,0.004
-4.153,-17.296,0.004
-3.336,-17.312,0.004
-0.341999999997,-17.485,0.006
6.667,-17.105,0.004
8.86,-16.773,0.003
9.67000000001,-16.59,0.006
10.642,-16.396,0.013
12.781,-16.19,0.007
14.048,-16.063,0.005
14.677,-16.014,0.008
21.666,-15.584,0.008
23.667,-15.517,0.011
24.667,-15.488,0.013
25.682,-15.473,0.005
27.661,-15.419,0.016
28.669,-15.395,0.009
29.703,-15.362,0.009
30.674,-15.357,0.014
31.681,-15.357,0.01
48.671,-15.096,0.016
51.683,-15.079,0.013
-15.19,-14.4,0.08
-10.11,-16.43,0.02
-6.32999999999,-17.19,0.03
-3.28,-17.43,0.02
-1.31,-17.52,0.02
3.61,-17.46,0.02
4.83,-17.4,0.02
5.73,-17.27,0.05
7.82,-16.98,0.06
8.72,-16.83,0.05
9.71000000001,-16.63,0.02
15.7,-15.88,0.04
16.77,-15.84,0.07
22.67,-15.44,0.1
31.68,-15.2,0.04
35.63,-15.13,0.05
37.65,-15.16,0.05
42.6,-15.03,0.05
53.77,-14.81,0.09
54.64,-14.66,0.04
65.62,-14.74,0.04
68.71,-14.62,0.04
75.63,-14.69,0.05
80.74,-14.4,0.1
99.61,-14.12,0.05
126.64,-13.4,0.14
307.35,-10.75,0.18
-17.2,-14.04,0.13
-14.8,-14.55,0.08
-9.3,-16.4,0.05
-7.5,-16.77,0.05
-3.6,-17.16,0.05
-1.1,-17.33,0.04
2.4,-17.27,0.04
6.10000000001,-16.99,0.05
7.9,-16.61,0.05
13.5,-15.9,0.05
16.4,-15.66,0.05
20.1,-15.41,0.06
24.3,-15.22,0.06
26.3,-15.15,0.06
27.8,-15.15,0.06
31.1,-15.11,0.06
34.5,-15.09,0.06
