-4.0,-19.215,0.09
-3.62000000011,-18.925,0.007
-1.64999999991,-18.933,0.011
-0.660000000149,-18.926,0.01
2.39999999991,-18.864,0.007
9.37999999989,-18.605,0.009
10.3900000001,-18.557,0.008
12.3999999999,-18.493,0.02
14.3999999999,-18.345,0.008
17.4300000002,-18.166,0.012
19.3799999999,-18.017,0.012
23.3700000001,-17.785,0.012
26.4300000002,-17.618,0.014
29.3999999999,-17.488,0.011
36.3399999999,-17.271,0.015
42.3599999999,-17.104,0.016
47.3900000001,-16.942,0.022
55.3700000001,-16.684,0.035
60.3500000001,-16.394,0.033
