-19.55,-13.58,0.0
-16.9855,-14.48,0.3
-16.55,-15.307,0.076
-15.45,-16.08,0.1
-14.97,-15.93,0.04
-14.42,-15.864,0.018
-14.34,-15.816,0.04
-14.15,-15.64,0.07
-13.35,-15.896,0.021
-12.38,-15.716,0.017
-11.34,-15.739,0.032
-10.35,-15.832,0.037
-9.29,-16.019,0.042
-8.29,-16.094,0.032
-6.41,-16.278,0.059
-1.85000000001,-16.504,0.03
-0.650000000001,-16.521,0.042
1.46,-16.47,0.021
2.53999999999,-16.488,0.038
2.57,-16.49,0.026
3.57,-16.516,0.029
5.41,-16.394,0.016
5.59,-16.364,0.023
10.56,-15.971,0.028
11.66,-15.904,0.101
12.57,-15.869,0.041
15.54,-15.343,0.041
16.37,-15.335,0.1
16.54,-15.228,0.028
33.44,-14.302,0.068
35.43,-14.354,0.041
38.41,-14.324,0.034
39.04,-14.268,0.024
43.38,-14.21,0.1
44.39,-14.217,0.102
47.02,-14.239,0.047
64.34,-14.171,0.0
64.46,-14.114,0.0
80.4,-13.98,0.0
86.37,-13.882,0.322
90.98,-13.551,0.028
-16.849,-14.23,0.0
-14.959,-15.93,0.04
-14.008,-15.66,0.06
-13.037,-15.67,0.05
-11.997,-15.72,0.05
-11.03,-15.79,0.06
-10.06,-15.93,0.05
-8.906,-16.07,0.04
-7.67200000001,-16.15,0.06
-5.266,-16.39,0.03
-1.784,-16.47,0.03
-0.918000000005,-16.5,0.03
0.0349999999962,-16.5,0.03
1.09,-16.36,0.03
1.893,-16.39,0.03
3.05,-16.43,0.04
3.96799999999,-16.45,0.04
4.566,-16.48,0.04
5.98,-16.32,0.04
6.846,-16.32,0.03
7.981,-16.23,0.04
8.91899999999,-16.16,0.04
12.831,-15.79,0.07
13.959,-15.81,0.08
14.805,-15.64,0.07
15.844,-15.06,0.09
17.108,-15.14,0.09
17.833,-15.34,0.08
19.801,-15.05,0.08
21.563,-14.97,0.09
-15.136,-15.93,0.07
-14.206,-15.97,0.03
-14.096,-15.83,0.08
-13.206,-15.89,0.03
-13.116,-15.76,0.09
-12.126,-15.84,0.06
-11.156,-15.75,0.07
-10.126,-16.03,0.11
-9.166,-16.1,0.11
-8.196,-16.08,0.1
-7.196,-16.29,0.07
-6.216,-16.44,0.08
9.86399999999,-16.06,0.07
10.804,-15.97,0.05
11.824,-15.85,0.06
12.794,-15.79,0.05
13.774,-15.7,0.06
15.764,-15.46,0.08
17.734,-15.28,0.06
18.774,-15.24,0.12
