-0.989999999998,-17.1127,0.008
-0.150000000001,-17.1177,0.007
0.93,-17.2187,0.014
3.11,-17.2797,0.1
3.85,-17.3987,0.03
8.91,-17.2387,0.03
11.86,-17.0287,0.05
11.92,-17.0497,0.007
14.01,-16.8717,0.006
15.0,-16.7817,0.008
18.87,-16.6387,0.03
19.0,-16.6197,0.008
21.89,-16.4387,0.05
22.89,-16.2597,0.049
25.89,-16.2387,0.04
27.95,-16.3357,0.103
28.9,-16.1587,0.04
32.94,-15.8947,0.015
32.99,-15.8477,0.01
33.89,-15.7887,0.06
47.95,-15.5187,0.07
51.03,-15.5907,0.048
55.0,-15.3337,0.043
60.24,-15.3087,0.022
87.19,-14.9717,0.022
110.29,-14.4557,0.037
114.19,-14.3437,0.076
121.03,-14.2787,0.07
121.26,-14.1677,0.034
126.96,-13.9787,0.1
134.15,-11.8047,0.09
135.2,-11.8557,0.091
141.22,-11.7947,0.296
152.18,-11.7857,0.035
157.05,-11.5747,0.045
194.35,-11.5737,0.113
224.07,-11.1907,0.117
