10.9,-15.293,0.02
11.7,-15.404,0.005
11.8,-15.264,0.03
12.8,-15.319,0.034
12.9,-15.401,0.069
14.8,-15.288,0.028
14.8,-15.245,0.023
15.8,-15.224,0.029
16.8,-15.184,0.021
18.8,-15.047,0.025
20.8,-14.921,0.031
29.7,-14.51,0.026
31.7,-14.505,0.034
33.6,-14.471,0.012
33.7,-14.484,0.036
33.8,-14.535,0.026
35.7,-14.432,0.029
37.7,-14.446,0.038
40.8,-14.472,0.058
41.7,-14.331,0.037
42.7,-14.343,0.032
48.7,-14.117,0.037
55.7,-14.154,0.058
57.7,-14.118,0.034
60.0,-14.126,0.015
60.6,-13.964,0.039
61.7,-13.95,0.04
62.5,-14.036,0.01
62.5,-14.131,0.014
66.6,-13.902,0.044
68.6,-13.971,0.051
68.9,-14.015,0.04
69.9,-14.028,0.067
70.6,-13.875,0.055
71.0,-13.959,0.048
73.4,-13.922,0.025
73.0,-13.977,0.03
74.6,-13.956,0.05
75.4,-13.833,0.013
81.6,-13.668,0.069
84.6,-13.739,0.053
85.5,-13.668,0.093
85.5,-13.782,0.058
85.5,-13.745,0.03
86.7,-13.763,0.022
87.4,-13.688,0.015
89.6,-13.634,0.03
91.7,-13.572,0.038
93.5,-13.551,0.035
94.6,-13.501,0.056
97.4,-13.407,0.048
97.6,-13.282,0.052
100.8,-13.333,0.038
101.7,-13.288,0.043
102.6,-13.166,0.059
103.4,-13.121,0.021
104.6,-13.152,0.067
107.4,-12.764,0.025
110.5,-12.803,0.276
112.4,-11.677,0.048
113.7,-12.404,0.143
115.4,-11.44,0.058
115.6,-11.752,0.193
115.7,-11.531,0.451
116.6,-11.706,0.155
116.7,-11.504,0.299
120.4,-11.369,0.087
126.5,-11.302,0.304
127.7,-11.483,0.19
129.4,-11.379,0.188
134.4,-11.351,0.073
10.8,-15.337,0.043
13.0,-15.221,0.057
15.8,-15.185,0.043
19.2,-15.058,0.044
59.3,-14.113,0.051
