-6.5,-17.2698,0.047
-6.4,-17.3758,0.0
-5.4,-17.8788,5.265
-4.5,-18.0378,0.019
-3.5,-18.1598,0.017
-3.3,-18.1998,0.027
-2.5,-18.2438,0.024
-1.3,-18.2878,0.025
-0.5,-18.3008,0.022
-0.400000000001,-18.3048,0.013
1.5,-18.2978,0.013
2.7,-18.2098,0.024
3.5,-18.1268,0.027
6.6,-17.8038,0.272
7.5,-17.5948,0.013
7.6,-17.6178,0.064
8.5,-17.5288,0.031
9.5,-17.3748,0.064
9.5,-17.3538,0.035
10.6,-17.2418,0.039
12.6,-16.9738,0.092
13.5,-16.8878,0.042
14.5,-16.7798,0.053
15.5,-16.6978,0.037
16.6,-16.5628,0.084
17.6,-16.4558,0.141
21.6,-16.2078,0.121
23.7,-15.9958,0.093
25.5,-15.9898,0.089
26.6,-15.9468,0.184
32.5,-15.8888,0.033
35.5,-15.4448,0.493
38.5,-15.6768,0.193
39.5,-15.5598,0.129
39.5,-15.4938,0.137
40.6,-15.2878,0.159
41.5,-15.5128,0.27
42.5,-15.7328,0.27
43.5,-15.4588,0.286
43.6,-15.4088,0.0
45.5,-15.3418,0.0
