9.95999999996,-14.768,0.07
11.6099999999,-14.718,0.12
12.02,-14.628,0.08
13.96,-14.568,0.2
19.8300000001,-14.438,0.06
19.96,-14.298,0.22
22.0,-14.248,0.09
22.6000000001,-14.228,0.08
24.0899999999,-14.188,0.07
27.5499999998,-14.118,0.25
32.7200000002,-13.998,0.43
34.6299999999,-13.978,0.39
38.77,-13.958,0.18
41.6400000001,-13.858,0.04
43.6600000001,-13.828,0.12
45.0299999998,-13.698,0.27
49.7400000002,-13.748,0.03
54.5099999998,-13.668,0.27
63.6499999999,-13.488,0.14
67.48,-13.528,0.15
75.8100000001,-13.358,0.15
76.4700000002,-13.308,0.28
92.73,-13.228,0.04
100.87,-12.728,0.58
104.48,-12.588,0.68
106.59,-12.198,0.15
107.44,-12.038,0.19
109.51,-11.588,0.23
110.54,-11.188,0.39
112.38,-10.718,0.32
118.41,-9.628,0.56
