0.400000000001,-16.1058,0.016
3.3,-15.8948,0.157
9.3,-15.7048,0.042
10.4,-15.5668,0.02
12.3,-15.4788,0.053
12.4,-15.4418,0.02
13.4,-15.3878,0.027
14.4,-15.3558,0.025
15.3,-15.3648,0.023
16.4,-15.2728,0.029
18.3,-15.1788,0.026
18.4,-15.2448,0.043
20.3,-15.1218,0.02
21.4,-15.1508,0.047
23.3,-15.0458,0.034
25.4,-14.9898,0.035
28.3,-14.9888,0.099
29.3,-14.9178,0.023
30.3,-14.9208,0.031
31.3,-14.8768,0.034
31.4,-14.8498,0.041
32.3,-14.8428,0.018
34.4,-14.8348,0.024
34.4,-14.8878,0.042
36.3,-14.8198,0.024
38.3,-14.8058,0.045
42.3,-14.7338,0.022
42.3,-14.7468,0.046
44.3,-14.7128,0.034
46.3,-14.6978,0.031
50.3,-14.6368,0.061
55.3,-14.6198,0.022
57.3,-14.5908,0.021
59.3,-14.6298,0.027
62.3,-14.6128,0.038
63.3,-14.6078,0.109
70.4,-14.6048,0.157
77.3,-14.6298,0.04
84.2,-14.5348,0.02
88.3,-14.5598,0.03
93.2,-14.5528,0.039
97.1,-14.4908,0.029
103.2,-14.3868,0.188
114.1,-14.2448,0.039
118.1,-14.1858,0.062
120.1,-14.0818,0.05
121.2,-14.0968,0.08
123.1,-13.9838,0.064
125.2,-13.7598,0.061
126.1,-13.7428,0.059
129.0,-13.4438,0.065
136.2,-12.8698,0.26
146.1,-12.9298,0.109
154.1,-12.8858,0.168
159.1,-12.8538,0.121
