-21.89,-13.81,0.0
-20.9,-13.81,0.0
-18.91,-14.193,0.904
-17.79,-15.007,0.6
-12.77,-16.393,0.012
-12.76,-16.383,0.041
-9.99,-17.0,0.015
-9.07,-17.337,0.125
-8.04,-17.422,0.017
-8.02,-17.363,0.009
-7.0875,-17.41,0.148
-6.83,-17.462,0.017
-6.01,-17.519,0.01
-5.84,-17.586,0.015
-4.01,-17.629,0.007
-2.85,-17.718,0.015
-2.0,-17.74,0.018
-1.77,-17.708,0.027
-0.919999999998,-17.726,0.017
-0.0600000000049,-17.733,0.01
0.199999999997,-17.71,0.061
2.05,-17.729,0.017
3.13,-17.69,0.029
3.97,-17.687,0.019
5.22,-17.612,0.018
6.12,-17.539,0.015
8.94,-17.373,0.015
9.17,-17.365,0.02
10.14,-17.288,0.017
12.14,-17.139,0.022
14.12,-16.87,0.039
18.12,-16.45,0.031
19.14,-16.381,0.045
19.93,-16.373,0.012
20.98,-16.267,0.014
22.12,-16.229,0.04
27.93,-15.929,0.014
28.14,-15.883,0.045
29.94,-15.87,0.014
29.97,-15.873,0.014
35.01,-15.726,0.017
35.14,-15.705,0.054
38.12,-15.627,0.032
38.86,-15.608,0.015
39.95,-15.592,0.048
40.16,-15.589,0.254
43.13,-15.51,0.077
47.92,-15.48,0.055
52.94,-15.47,0.106
75.89,-15.217,0.198
84.96,-15.167,0.012
249.5,-12.827,0.088
273.17,-11.87,0.572
-14.72,-16.0,0.05
-13.85,-16.18,0.05
-10.43,-17.03,0.03
-8.09,-17.41,0.03
-6.14,-17.54,0.03
-4.26,-17.64,0.03
-2.19,-17.71,0.04
-0.25,-17.71,0.04
1.14,-17.69,0.03
3.42,-17.69,0.03
5.15,-17.58,0.03
17.74,-16.56,0.04
20.17,-16.395,0.04
23.24,-16.1,0.06
