-8.44,-19.825,0.022
-7.41,-19.921,0.015
-4.57,-20.139,0.014
-3.61,-20.137,0.027
-2.53,-20.213,0.016
2.43,-20.218,0.028
2.44,-20.191,0.022
2.52,-20.212,0.013
3.53,-20.189,0.012
4.48,-20.161,0.026
6.58,-20.035,0.02
7.39,-20.018,0.022
8.4,-20.0,0.041
9.32,-19.932,0.029
9.38,-19.889,0.022
11.53,-19.804,0.026
12.55,-19.751,0.014
12.59,-19.703,0.016
16.42,-19.445,0.018
17.31,-19.358,0.019
17.6,-19.343,0.024
19.33,-19.212,0.015
21.46,-19.023,0.015
22.61,-18.957,0.037
26.37,-18.621,0.025
29.42,-18.415,0.025
30.33,-18.396,0.046
31.49,-18.302,0.033
34.34,-18.085,0.017
35.52,-18.061,0.013
36.31,-17.992,0.013
40.44,-17.817,0.027
41.43,-17.777,0.026
44.44,-17.694,0.017
48.33,-17.63,0.023
48.5,-17.575,0.02
59.36,-17.417,0.012
60.38,-17.397,0.022
62.46,-17.377,0.014
66.33,-17.305,0.017
69.43,-17.278,0.018
74.32,-17.216,0.033
75.33,-17.16,0.018
78.33,-17.144,0.013
81.47,-17.117,0.04
85.32,-17.049,0.013
86.32,-17.028,0.012
87.32,-17.014,0.018
90.31,-16.955,0.03
90.32,-16.974,0.016
96.36,-16.934,0.029
100.42,-16.812,0.026
105.36,-16.747,0.04
109.27,-16.787,0.017
109.3,-16.727,0.023
114.28,-16.681,0.044
116.24,-16.647,0.04
116.29,-16.616,0.025
119.3,-16.558,0.021
125.26,-16.535,0.045
126.28,-16.49,0.023
130.34,-16.37,0.03
132.29,-16.313,0.049
137.29,-16.333,0.022
151.25,-16.08,0.021
166.25,-15.875,0.019
262.65,-13.873,0.036
300.75,-12.915,0.116
313.73,-12.619,0.171
316.8,-12.397,0.114
