-0.449999999997,-18.618,0.25
3.5,-18.748,0.25
12.45,-17.99,0.035
13.49,-17.968,0.25
22.55,-16.498,0.032
40.41,-14.218,0.067
47.49,-13.498,0.4
172.68,-12.098,0.0
214.58,-13.868,0.0
282.64,-14.358,0.0
3.38,-18.29,0.054
5.05,-18.238,0.057
7.06,-18.094,0.06
8.87,-17.874,0.064
10.74,-17.865,0.064
12.72,-17.766,0.071
14.96,-17.634,0.07
16.82,-17.441,0.075
18.73,-17.148,0.112
23.26,-16.165,0.184
25.06,-15.811,0.242
29.19,-15.397,0.0
30.75,-15.267,0.0
32.55,-15.286,0.0
35.03,-15.191,0.0
38.98,-15.197,0.0
41.09,-15.225,0.0
307.39,-14.98,0.0
