9.2200000002,-16.906,0.019
10.2200000002,-16.903,0.041
12.5899999999,-16.73,0.054
13.23,-16.796,0.032
13.3399999999,-16.746,0.06
14.3100000001,-16.6,0.047
15.2999999998,-16.716,0.069
20.2799999998,-16.424,0.046
23.2000000002,-16.339,0.023
26.0800000001,-16.221,0.058
28.0899999999,-16.134,0.037
31.1299999999,-16.131,0.042
34.3399999999,-15.994,0.062
35.9199999999,-15.944,0.034
36.5899999999,-15.844,0.024
41.2000000002,-15.832,0.066
42.8799999999,-15.823,0.018
49.8700000001,-15.741,0.016
51.2000000002,-15.731,0.06
57.0099999998,-15.7,0.055
57.2000000002,-15.617,0.044
59.21,-15.562,0.036
63.04,-15.665,0.084
66.0499999998,-15.544,0.042
67.1899999999,-15.431,0.06
72.1499999999,-15.39,0.07
75.4199999999,-15.26,0.055
76.0600000001,-15.313,0.024
87.1299999999,-15.099,0.092
97.1299999999,-14.794,0.089
101.96,-14.459,0.1
105.19,-14.072,0.089
121.93,-13.394,0.2
123.94,-13.294,0.15
125.95,-13.194,0.13
137.94,-13.094,0.2
145.0,-12.894,0.2
157.81,-12.744,0.3
186.5,-12.604,0.09
201.5,-12.584,0.1
