-17.3146000002,-15.2366,0.0089
-17.3120999997,-15.2351,0.0115
-16.3147999998,-15.7224,0.007
-16.3122999999,-15.7053,0.0097
-15.3147,-16.2098,0.0054
-15.3122,-16.1689,0.0054
-4.28500000015,-18.609,0.007
-4.28319999995,-18.6052,0.0062
-2.31469999999,-18.6817,0.0053
-2.31289999979,-18.6769,0.0053
3.62919999985,-18.5924,0.0044
3.63079999993,-18.5948,0.0044
3.64390000002,-18.5814,0.0052
3.6455000001,-18.5807,0.0052
3.68509999989,-18.5862,0.0035
3.68690000009,-18.5768,0.0035
4.65989999985,-18.5644,0.009
4.66149999993,-18.5716,0.009
5.62520000013,-18.5154,0.0106
5.62650000025,-18.5135,0.0071
5.63620000007,-18.5046,0.008
5.63750000019,-18.4979,0.0071
6.62609999999,-18.4696,0.0062
6.66350000026,-18.4448,0.0045
6.66490000021,-18.444,0.0045
6.69279999984,-17.0762,0.0306
6.69420000026,-18.4421,0.0053
7.67189999996,-18.2734,0.0245
7.67329999991,-18.149,0.0122
7.72679999983,-18.3287,0.0061
7.77100000018,-18.3558,0.0053
7.77240000013,-18.3375,0.0061
8.51520000026,-18.3522,0.0028
8.51660000021,-18.3465,0.0057
9.54190000007,-18.263,0.0062
9.54330000002,-18.2404,0.008
10.5440000002,-18.171,0.0054
10.5943999998,-18.1545,0.0046
11.5928000002,-18.078,0.0035
11.5942000002,-17.5457,0.0068
11.6173999999,-18.0984,0.0061
11.6188000003,-18.0898,0.0044
11.6883999999,-18.1045,0.0087
11.6898000003,-18.1009,0.0052
12.7344,-17.9681,0.0035
12.7356000002,-17.9529,0.0035
13.6113,-17.8757,0.007
13.6126000001,-17.8815,0.0053
13.6231,-17.8846,0.0062
13.6244000001,-17.8849,0.0053
14.4734999998,-17.7924,0.0061
14.4747000001,-17.8187,0.0053
14.4851000002,-17.8167,0.0061
14.4864000003,-17.8138,0.0053
15.5139000001,-17.6724,0.0053
15.5151,-17.6774,0.007
15.5811999999,-17.6813,0.007
15.5824000002,-17.6848,0.0061
15.5943999998,-17.6661,0.0105
15.5956000001,-17.6776,0.0114
16.4726,-17.6153,0.0079
16.4739000001,-17.6179,0.0062
17.4923999999,-17.4732,0.0062
17.4937,-17.5132,0.0062
18.7107000002,-18.5315,0.0061
18.7119,-18.5305,0.0061
18.7239000001,-18.5203,0.0053
18.7252000002,-18.5265,0.0053
18.7376999999,-18.5191,0.0044
18.7389000002,-18.3017,0.0053
19.5754,-17.286,0.0088
19.5766000003,-17.2769,0.0071
20.5348,-17.17,0.0096
20.5359999998,-17.1658,0.0087
20.5668000001,-17.1725,0.0105
20.568,-17.1496,0.0087
22.5162,-17.0209,0.0088
22.5175000001,-17.0138,0.0088
23.4772000001,-16.9257,0.0131
23.4785000002,-16.9117,0.0096
24.4897000003,-16.8506,0.0097
24.4909000001,-16.8575,0.0089
28.4355000001,-16.5475,0.0087
28.4372999999,-16.5636,0.0087
31.6469000001,-16.4735,0.0133
31.6480999999,-16.4799,0.0185
32.5185000002,-16.3203,0.008
32.5197000001,-16.3229,0.0088
33.6487000003,-16.1599,0.0106
33.6499000001,-16.1658,0.0115
34.5095000002,-16.1535,0.0096
34.5107,-16.1437,0.0096
37.5918999999,-15.9795,0.0149
37.5931000002,-15.9866,0.0097
39.5317000002,-15.8818,0.0089
39.5329,-15.8747,0.0123
40.5824000002,-15.872,0.0106
40.5836999998,-15.9094,0.0106
47.5427000001,-15.7113,0.014
47.5438999999,-15.7307,0.0123
47.5567000001,-15.6937,0.0149
47.5580000002,-15.7255,0.0114
57.4284999999,-15.554,0.0123
57.4301,-15.5367,0.0114
59.4043999999,-15.4955,0.0088
59.406,-15.506,0.0131
61.4075000002,-15.4345,0.0131
61.409,-15.4298,0.0149
70.4320999999,-15.3708,0.0089
70.4345,-15.3694,0.0089
72.3991999999,-15.3247,0.0114
72.4015000002,-15.3149,0.0088
75.6642999998,-15.2316,0.0131
75.6666000001,-15.2574,0.0131
81.5240000002,-15.1735,0.0117
81.5263,-15.1607,0.0149
