0.562750000041,-15.0836,0.0201
0.563829999883,-15.0518,0.0169
1.56273999996,-15.0775,0.0191
1.56383999996,-15.1433,0.0169
9.60443999991,-15.0413,0.0201
9.60548999999,-14.985,0.018
10.6044600001,-15.1834,0.0276
10.6055600001,-14.9615,0.0531
11.6044999999,-15.0201,0.0223
11.60562,-15.0594,0.018
12.6045400002,-14.9687,0.0223
12.60574,-14.9974,0.0223
13.6045400002,-14.9856,0.0191
13.60573,-14.8964,0.0201
14.6045300001,-14.8579,0.0212
14.6057600002,-14.8399,0.0329
19.5731899999,-14.5341,0.0286
19.5749499998,-14.5936,0.0307
22.5749400002,-14.5099,0.0331
23.5749499998,-14.3548,0.1072
24.2607,-14.2057,0.0308
24.26247,-14.1112,0.0499
24.5662400001,-14.2938,0.0456
24.56801,-14.3607,0.0286
29.50037,-13.925,0.0414
29.5022999998,-14.079,0.0467
31.2295599999,-13.9323,0.0456
31.2313399999,-14.1903,0.0329
31.5003300002,-13.894,0.0446
32.2294700001,-14.0007,0.0488
32.2313399999,-13.8414,0.0414
32.5003900002,-13.9593,0.0573
32.50233,-13.8574,0.0477
33.22957,-13.8462,0.0488
33.2316200002,-13.7421,0.0424
37.5002000001,-13.6144,0.0732
37.5019899998,-13.7121,0.0753
38.2096799999,-13.8705,0.103
38.2114800001,-13.9661,0.086
38.50361,-13.6868,0.0796
39.5002000001,-13.4402,0.0828
40.2088500001,-13.5712,0.1359
41.5003599999,-13.5427,0.0552
41.5022900002,-13.5809,0.0785
42.20896,-13.6107,0.0775
42.2111300002,-13.6713,0.0902
44.5002799998,-13.3732,0.0796
44.5049800002,-13.3371,0.0626
46.50019,-13.3371,0.0923
46.5047499998,-13.335,0.0722
48.5002899999,-13.0619,0.0722
48.5049899998,-13.423,0.0828
49.5047499998,-13.4338,0.0881
51.4757900001,-13.3831,0.0955
55.4725899999,-13.16,0.1422
56.4760799999,-13.0272,0.1104
60.4605200002,-12.713,0.2304
60.4648600002,-12.9116,0.1667
64.4435100001,-12.1981,0.1922
66.4672300001,-12.3896,0.2346
66.4701899998,-12.6094,0.1837
