4.25900000008,-14.521,0.0
5.95178999985,-14.6179,0.0237
12.9518200001,-14.4995,0.0267
12.9536600001,-14.4475,0.0237
18.9485499999,-14.1673,0.0227
20.9488900001,-14.1145,0.0208
30.91016,-13.7255,0.0267
30.9133600001,-13.716,0.0208
32.91017,-13.6878,0.0298
32.91334,-13.6527,0.0237
34.8752899999,-13.5849,0.0339
34.87848,-13.6476,0.0267
43.8752000001,-13.3862,0.0298
43.87842,-13.3734,0.0318
47.8892899998,-13.2732,0.0411
47.8924699998,-13.4144,0.039
53.8962400001,-13.3014,0.0328
53.8994700001,-13.2175,0.0474
54.8962500002,-13.1747,0.0443
54.8994499999,-13.163,0.0516
56.8962400001,-13.1865,0.0463
56.8994,-13.2205,0.0277
58.8908000002,-13.3008,0.0367
59.88582,-13.2104,0.0495
59.88901,-13.1903,0.0318
60.8930199998,-13.3688,0.0387
60.8962099999,-13.3218,0.0397
61.8889799998,-13.152,0.0453
62.88582,-13.1728,0.0328
62.8889899999,-13.1898,0.0432
77.8509499999,-12.8561,0.0505
77.8527299999,-12.7584,0.079
78.85096,-12.8212,0.0674
78.8527500001,-12.783,0.0474
80.8509800001,-12.8368,0.06
80.8527600002,-12.7848,0.0422
81.8336,-12.7288,0.0422
81.8354000002,-12.7076,0.0758
85.8336,-12.6168,0.0484
85.8353900001,-12.5892,0.0579
87.8336100001,-12.4251,0.0991
87.8354000002,-12.4707,0.0663
98.8842500001,-11.7404,0.1128
98.8860399998,-12.0122,0.1022
105.80601,-11.0643,0.324
105.80757,-11.0887,0.306
106.86479,-11.0397,0.203
106.86636,-10.9654,0.2211
108.92309,-10.5576,0.3422
110.90315,-10.1976,0.427
110.93194,-10.4472,0.4227
113.91631,-10.0068,0.3199
113.94529,-9.7158,0.3305
115.23208,-10.7891,0.1662
115.701,-10.8273,0.2796
115.70465,-10.9771,0.2976
116.68817,-10.5973,0.3507
116.69183,-10.4295,0.4855
117.75204,-10.4782,0.4898
117.75639,-10.4974,0.4494
119.70791,-10.9847,0.1875
119.71226,-10.7787,0.2076
