0.203025199997,-16.8416,0.0014
1.1891,-17.3592,0.009
2.2500407,-17.4707,0.0204
3.11216829999,-17.4615,0.0111
3.97575149999,-17.5533,0.0107
5.0118369,-17.6907,0.0274
5.9931678,-17.7419,0.0047
8.0107139,-17.8778,0.009
9.0136515,-17.9208,0.0131
9.9918381,-17.9041,0.0068
13.3251148,-17.8663,0.0027
14.0016024,-17.829,0.0043
18.2733518,-17.631,0.0048
18.9767363,-17.5846,0.0062
21.9249624,-17.3116,0.0105
22.9136523,-17.2169,0.0044
23.9776652,-17.1098,0.006
24.900734,-16.9612,0.0059
32.2405662,-16.2824,0.0115
36.2474555,-15.7886,0.0112
