4.89349999977,-16.0517,0.0249
4.89440000011,-16.0507,0.0246
6.43280000007,-16.0982,0.0256
6.43369999994,-16.0695,0.0261
8.35259999987,-15.9587,0.0276
8.3535000002,-15.9969,0.027
13.0765999998,-15.8931,0.0248
13.0775000001,-15.9398,0.0252
15.1968,-15.8309,0.0255
15.1976999999,-15.8234,0.0247
19.0611,-15.7133,0.0255
19.0619000001,-15.7101,0.0255
21.915,-15.479,0.0263
21.9158999999,-15.4814,0.0581
23.4632999999,-15.4959,0.0288
23.4641999998,-15.4505,0.0394
25.1109000002,-15.5341,0.0394
25.1118000001,-15.4492,0.0429
29.0657000002,-15.3488,0.055
33.9863,-14.892,0.0531
33.9871,-14.9397,0.0522
41.4539999999,-14.7388,0.0312
41.4550000001,-14.7059,0.0281
41.4830999998,-14.5466,0.0373
41.4840000002,-14.6432,0.0326
45.284,-14.4152,0.0404
46.6203000001,-14.4858,0.0296
46.6211999999,-14.3979,0.1191
54.3166,-14.3443,0.0901
54.3174999999,-14.3857,0.084
62.0798999998,-14.2886,0.0329
62.0808000001,-14.2525,0.0322
81.5564000001,-13.8333,0.0394
81.5589000001,-13.9012,0.0345
81.9248000002,-13.7797,0.0512
82.2722999998,-13.7956,0.0361
82.2747999998,-13.8137,0.0447
88.3190000001,-13.8009,0.0531
88.3237999999,-13.7786,0.0411
90.5904000001,-13.5692,0.0429
90.5951999999,-13.7062,0.0386
91.5351999998,-13.7228,0.0403
91.54,-13.6399,0.0438
95.523,-13.4112,0.0522
101.9415,-13.6154,0.0859
101.9463,-13.4934,0.0959
104.931,-13.5252,0.0768
104.9359,-13.4106,0.0728
107.2796,-13.2014,0.1029
107.2845,-13.4114,0.0579
107.9213,-13.1704,0.0738
107.9261,-13.3106,0.0648
108.6705,-13.1906,0.0599
112.6418,-13.1015,0.0778
112.6466,-13.2937,0.0688
116.5323,-12.6666,0.086
116.5371,-12.4648,0.1191
117.5326,-12.8655,0.141
117.5374,-12.8952,0.0891
119.5505,-11.9501,0.4211
119.5553,-12.688,0.1851
122.6259,-12.1355,0.1786
122.6307,-11.527,0.1975
130.5376,-11.3524,0.5189
141.5883,-11.7324,0.5179
142.594,-11.6724,0.2769
142.5988,-11.5364,0.4039
165.5697,-11.9594,0.3199
