2.00150000025,-84.391,0.0867
7.33460000018,-84.079,0.0525
7.33730000025,-84.1016,0.0638
7.58719999995,-84.125,0.1446
7.58969999989,-84.4271,0.0252
8.59459999995,-83.6231,0.0341
8.5970999999,-83.6053,0.0301
12.5729999999,-84.0146,0.0684
12.5743,-84.027,0.0675
17.9791999999,-83.9702,0.0267
17.9805000001,-84.0122,0.0914
21.9361999999,-83.8695,0.0149
21.9375,-83.8556,0.0171
29.9157000002,-83.5201,0.1784
29.9169999999,-83.4279,0.0514
33.5274999999,-83.3815,0.1706
33.5288,-83.3982,0.1706
42.6740000001,-82.984,0.01
42.6754000001,-82.9634,0.01
43.4999000002,-83.0092,0.1345
47.2861000001,-82.9406,0.0345
47.2873999998,-82.9234,0.0367
52.2955999998,-82.3942,0.0654
56.2645999999,-82.7557,0.4173
56.2659,-82.831,0.457
56.2836000002,-82.4881,0.4174
56.2850000001,-82.4647,0.4174
60.5284000002,-82.6758,0.0195
60.5296999998,-82.6533,0.0263
64.1764000002,-82.4625,0.1539
64.1776999999,-82.5272,0.1785
71.2936,-82.3941,0.2374
71.2949000001,-82.4599,0.2392
75.1463000001,-82.1644,0.0963
75.1476000003,-82.2889,0.0946
84.1332,-81.7445,0.2029
87.8672000002,-82.087,0.0747
87.8684999999,-82.1681,0.0538
92.193,-81.9693,0.0588
92.1943000001,-81.8942,0.0494
95.5931000002,-81.7892,0.4993
95.5943999998,-81.8185,0.4991
99.3357000002,-81.7457,0.0923
103.0817,-81.5888,0.2163
106.7964,-81.6359,0.1237
106.8055,-80.205,0.3528
106.8068,-81.4905,0.1351
111.1247,-81.4276,0.1523
111.1261,-81.0977,0.194
116.3119,-80.939,0.1157
116.3132,-80.9046,0.1392
119.7651,-80.2122,0.1817
119.7664,-80.2832,0.188
124.3219,-79.2713,0.4747
124.3244,-78.9454,0.3613
128.427,-80.5337,0.317
132.6548,-80.3334,0.3637
132.6573,-80.1729,0.3869
135.0721,-82.3574,0.1922
135.0769,-81.8071,0.2867
138.0501,-78.7257,0.1911
138.1691,-78.9867,0.2272
142.0548,-78.7857,0.3671
142.0629,-79.1658,0.1573
142.0677,-78.6342,0.297
142.1437,-79.4882,0.1922
143.0096,-79.1335,0.3093
147.3783,-78.0759,0.1826
147.3831,-77.9888,0.2336
153.3896,-79.0058,0.1262
153.3944,-78.8363,0.1562
