0.491299999878,-80.7246,0.0836
0.493799999822,-80.7695,0.123
1.30299999984,-80.5728,0.0789
1.30539999995,-80.7135,0.072
4.52009999985,-80.686,0.087
4.52259999979,-80.6665,0.1507
8.70960000018,-80.2203,3.5082
12.7374999998,-79.9622,0.0932
20.3791,-79.9302,0.1563
20.3827,-79.7994,0.1523
23.9846999999,-79.6425,0.068
23.9882999999,-79.6848,0.0935
28.3760000002,-79.634,0.1324
32.4413999999,-79.8477,0.1535
32.4449999998,-79.624,0.129
36.4583000001,-79.7887,0.1504
36.4619,-79.7397,0.1501
39.6257000002,-78.9622,0.2474
48.6315000001,-78.4323,0.296
53.2839000002,-78.9448,0.1168
53.2875000001,-78.4356,0.1847
54.2905000001,-79.1073,0.1726
59.3021999998,-78.5921,0.2527
63.2796999998,-78.7033,0.2516
63.2832999998,-78.6882,0.1684
63.3291000002,-79.0312,0.1685
63.3327000001,-78.8436,0.1393
67.0071,-79.148,0.1303
67.0107,-78.7736,0.2228
73.2803000002,-78.8215,0.3585
79.2656999999,-78.5039,0.1954
79.2705000001,-78.7889,0.3544
83.3303999999,-78.2003,0.4404
84.2727999999,-78.5623,0.1221
84.2776000001,-78.7416,0.1476
85.2875999999,-78.2926,0.2698
88.9536000001,-78.3674,0.2785
97.2829,-78.3075,0.2741
