0.0104000000283,-82.938,0.0726
1.00820000004,-82.9063,0.0775
1.00969999982,-82.866,0.0775
15.9613999999,-83.1602,0.0245
15.963,-82.7466,0.0801
22.0150000001,-82.5647,0.0971
27.9854000001,-82.5771,0.01
27.9869999997,-82.5854,0.01
28.0033,-82.4832,0.01
28.0047999998,-82.5458,0.01
34.9052999998,-82.4895,0.0744
34.9068,-82.5326,0.07
34.9181999997,-82.4789,0.2177
34.9197,-82.2671,0.0801
34.9539999999,-82.4187,0.0732
34.9554999997,-82.3956,0.0721
39.8967999998,-82.3492,0.0826
39.8983,-82.367,0.064
42.9088999997,-82.0207,0.0747
45.8884999999,-82.2072,0.0725
56.1519999998,-81.9099,0.1293
56.1532000001,-81.8145,0.129
56.8564999998,-81.7567,0.1243
56.858,-81.651,0.1276
56.9184999997,-81.4471,0.0961
56.9199999999,-81.6311,0.0881
56.9877999998,-81.6315,0.0891
57.8378999997,-81.7386,0.1584
57.8393999999,-81.5796,0.1514
66.8141999999,-81.0838,0.1053
66.8158,-81.0788,0.1058
70.9680999997,-80.7416,0.1298
77.9225999997,-80.984,0.0923
81.7988,-80.3876,0.122
81.8023999999,-80.4582,0.1258
85.9501,-80.3103,0.158
86.9175999998,-80.343,0.2288
86.9213,-80.1271,0.281
105.0322,-80.2813,0.1267
105.0358,-80.2695,0.1122
108.8636,-80.3984,0.0553
122.9108,-80.1579,0.0795
122.9147,-80.1294,0.0827
127.9207,-80.1551,0.0527
127.9246,-80.2737,0.0473
131.9282,-80.1322,0.0622
131.9322,-80.1421,0.0551
133.9615,-80.1953,0.0467
133.9654,-80.1643,0.0448
147.9342,-79.8358,0.4497
147.9382,-79.728,0.5406
153.6174,-80.0189,0.0519
153.6225,-79.9639,0.0537
155.6398,-79.9442,0.0493
155.6449,-79.9407,0.0505
