0.422799999826,-17.101,0.0141
2.41229999997,-16.9597,0.0344
4.12749999994,-16.8781,0.0234
6.32420000015,-16.4119,0.0794
10.3136,-16.3945,0.0257
16.4287999999,-16.0922,0.0882
18.0373999998,-16.0345,0.025
18.2788999998,-15.9588,0.0193
21.9974000002,-15.8281,0.0259
25.7080999999,-15.8559,0.0505
30.0614999998,-15.438,0.0211
30.3999000001,-15.5243,0.1233
30.6132999999,-15.5859,0.0362
31.4049,-15.6902,0.0505
35.2913000002,-15.263,0.0126
37.3097999999,-15.1969,0.0427
41.3402999998,-14.9113,0.0123
44.9270000001,-15.1319,0.084
48.9482999998,-14.7634,0.3497
50.3043999998,-14.979,0.1002
54.2511999998,-14.8507,0.0115
54.2875000001,-14.9814,0.0665
55.9241999998,-14.7542,0.0394
60.3547999999,-14.8552,0.2029
60.9761000001,-14.7556,0.2108
66.2702000001,-14.5671,0.0879
66.3144999999,-14.5083,0.0562
66.8963000001,-14.4322,0.0356
70.5959999999,-14.6446,0.207
76.2404999998,-14.5918,0.1488
79.3398000002,-14.4461,0.4726
80.5140999998,-14.2816,0.2036
82.2278999998,-14.1197,0.4498
82.2467,-14.2299,0.1175
84.6143999998,-14.2831,0.0895
85.6220999998,-14.2737,0.1061
86.8637000001,-14.15,0.1876
88.8957000002,-14.1821,0.1098
89.9289000002,-13.9971,0.4292
91.2187999999,-14.1497,0.1916
