0.0295000001788,-83.2096,0.3285
2.38920000009,-83.4264,0.1469
2.39170000004,-83.3526,0.1468
5.37980000023,-83.3581,0.2755
6.37699999986,-83.2063,0.0716
6.37949999981,-83.175,0.0834
10.0151,-83.0697,0.0554
10.0178,-83.0571,0.0543
12.3609000002,-83.2265,0.1921
12.3632999999,-83.2247,0.1922
18.5998999998,-83.2344,0.1621
19.3516000002,-82.6464,0.1961
19.3541000001,-82.612,0.1009
26.4841999998,-82.144,0.1418
27.5227000001,-82.1312,0.526
56.4062000001,-81.5625,0.0512
71.3670999999,-81.884,0.2842
71.3698,-81.9865,0.2831
73.3398000002,-81.0107,0.0517
73.3423000001,-80.9754,0.0489
75.6693000002,-80.4205,0.118
75.6718000001,-80.4443,0.1211
84.2563999998,-81.378,0.0967
84.2588,-81.2161,0.0873
88.4150999999,-80.4521,0.0723
88.4175999998,-80.566,0.0753
95.2527999999,-80.5568,0.1593
95.2552,-80.2403,0.1625
102.2951,-79.7567,0.073
102.2986,-79.9327,0.0734
110.3461,-80.2026,0.0827
110.3524,-80.1576,0.082
110.3561,-80.1157,0.0833
112.2773,-79.9097,0.0811
112.2809,-80.0353,0.0796
118.2983,-80.2763,0.1096
118.3018,-80.1426,0.1017
119.2179,-79.6526,0.0955
119.2215,-79.9477,0.1039
125.2115,-80.314,0.1508
125.2151,-80.1132,0.1363
125.298,-80.3838,0.1587
125.3016,-80.0242,0.2068
