4.77600000007,-84.6153,0.1034
4.7779000001,-84.6638,0.1035
5.81919999979,-84.6977,0.1724
5.82070000004,-84.676,0.1622
5.84269999992,-84.6754,0.0292
5.84450000012,-84.6918,0.0271
7.59109999985,-84.7539,0.0095
7.59260000009,-84.7577,0.0106
12.858,-84.7681,0.2324
12.8583999998,-83.9509,0.2324
12.8599,-84.7879,0.2324
12.8599,-83.9249,0.2325
13.5920000002,-84.5151,0.2239
13.8668999998,-84.7439,0.2854
13.8687999998,-84.7342,0.2854
17.5989000001,-84.3508,0.2512
23.1614999999,-84.0407,0.0988
26.4996000002,-83.7494,0.0177
30.2215,-83.6983,0.2937
30.2230000002,-83.7419,0.1907
34.0671000001,-83.6079,0.0882
34.0687000002,-83.5918,0.0821
38.5342999999,-83.4178,0.0127
38.5358000002,-83.4051,0.0085
42.2570000002,-83.3001,0.0521
42.2585999998,-83.3383,0.064
47.8374999999,-83.259,0.0888
47.8391,-83.2856,0.0866
51.1708999998,-83.238,0.0798
51.1724,-83.2142,0.0783
61.4213,-82.6628,0.0728
61.4227999998,-82.661,0.0713
65.7308999998,-82.8523,0.0891
65.7324000001,-82.8565,0.0895
69.6055999999,-82.7533,0.0909
69.6071000001,-82.7912,0.0892
73.3237999999,-82.6752,0.2112
73.3254,-82.6679,0.2251
73.3344000001,-82.6868,0.2196
73.3358999998,-82.7213,0.2238
73.3535000002,-82.6917,0.1801
73.355,-82.6276,0.1835
78.0373,-82.5716,0.0922
78.0389,-82.6158,0.1269
81.2855000002,-82.3917,0.0724
81.287,-82.4275,0.2167
85.9528000001,-82.2707,0.0855
85.9545,-82.2896,0.2119
86.2751000002,-82.0976,0.1516
86.2766,-82.005,0.1519
92.9629000002,-81.7342,0.0931
92.9643999999,-81.6469,0.1006
97.2417000001,-81.1164,0.1629
97.2431999999,-81.0662,0.1513
102.2944,-80.4841,0.164
103.2206,-80.5013,0.2192
103.3301,-80.5459,0.1202
103.3326,-80.6055,0.2341
103.4358,-80.6593,0.0476
103.4384,-80.5675,0.041
104.2775,-80.2791,0.1993
104.2799,-80.4408,0.194
105.237,-80.3127,0.1916
105.2394,-80.4397,0.205
112.4302,-80.4481,0.2823
112.4326,-80.5485,0.128
112.5491,-80.352,0.1247
112.5516,-80.4217,0.1269
115.4349,-80.4435,0.1461
115.6037,-80.3259,0.8353
115.6557,-80.3511,0.2512
115.6583,-80.4829,0.2672
121.2577,-80.1984,0.101
137.1974,-79.7368,0.1506
137.3789,-80.0605,0.2099
137.384,-80.1095,0.2327
138.3754,-80.4925,3.4442
140.2133,-80.1146,0.2537
140.2181,-80.0428,0.162
156.1998,-80.6522,0.1581
156.2045,-80.4351,0.1686
159.494,-80.3908,0.1143
159.4987,-80.3998,0.1125
185.2467,-79.8564,0.3753
185.2514,-79.7273,0.3787
187.4865,-80.0569,0.133
187.4912,-80.08,0.1991
