0.977700000163,-81.9861,0.2536
0.980099999812,-81.9817,0.2902
4.57869999995,-81.803,0.1362
8.81829999993,-81.563,0.087
8.82070000004,-81.4592,0.2347
12.5543999998,-81.232,0.2049
12.5569000002,-81.2777,0.2037
16.5433999998,-81.3895,0.1269
16.5458999998,-81.2175,0.1316
21.2121000001,-81.25,0.3751
21.2168999999,-81.1726,0.1401
25.5647999998,-81.0261,0.1031
29.5696999999,-80.8205,2.2871
34.2181000002,-80.9448,0.349
34.2228999999,-80.8717,0.138
34.5718999999,-81.0143,0.1074
34.5767000001,-80.9738,0.1128
40.5447999998,-80.9176,0.2162
40.5496,-80.9057,0.2166
48.4556999998,-80.687,0.051
48.4605,-80.6045,0.0626
52.5778999999,-80.8042,0.5582
58.1433000001,-80.728,0.3445
58.4777000002,-80.805,0.0795
58.4824999999,-80.7954,3.4113
63.8094000001,-80.4633,0.2145
63.8141999999,-80.4723,0.1276
64.0827000001,-80.6761,0.138
64.0874999999,-80.546,0.7329
65.1946999999,-80.5871,0.0728
69.8023999999,-80.3571,0.1476
69.8072000002,-80.4098,0.1471
73.3879999998,-80.1398,0.1731
73.3928999999,-79.6485,0.172
73.4840000002,-80.4392,0.05
73.4887999999,-80.3119,0.0765
79.4430999998,-79.9701,0.0849
79.4479,-80.0521,0.0658
83.1614999999,-79.752,0.1538
83.1663000002,-79.7599,0.1517
90.4448000002,-78.6655,0.1261
90.4495999999,-78.6859,0.127
94.4326999998,-78.5256,0.2189
94.4375,-78.919,0.2241
