0.578000000212,-82.3027,0.0698
0.580500000156,-82.3386,0.0696
2.12559999991,-82.3642,0.0352
2.12809999986,-82.3709,0.0355
4.41039999994,-82.4211,0.0511
5.49349999987,-82.3373,0.0973
6.57709999988,-82.2977,0.1991
7.45410000021,-82.2108,0.0316
7.45660000015,-82.2129,0.0316
8.41399999987,-82.3043,0.0579
9.12930000015,-82.0854,0.5906
9.13169999979,-82.1186,0.3155
10.2889999999,-82.1049,0.0606
10.2914999998,-82.0397,0.0602
10.3963000001,-82.2398,0.0594
10.3986999998,-82.2588,0.0587
14.2538999999,-81.933,0.1416
14.2563999998,-81.8006,0.1435
19.1244999999,-81.5092,0.0914
19.1269,-81.5263,0.0909
19.2508,-81.768,0.2145
19.2533,-81.7068,0.2147
22.5739000002,-81.2913,0.0333
22.5764000001,-81.3096,0.0386
26.2965000002,-80.8518,0.1154
26.2988999998,-80.8139,0.113
30.3969000001,-80.7426,0.044
30.3994,-80.6546,0.0488
34.2429,-80.4661,0.6855
36.2584000002,-80.4458,0.181
36.2609000001,-80.4131,0.1836
51.4903000002,-80.0264,0.0512
51.4929,-79.9141,0.0744
53.4501999998,-80.0461,0.1592
53.4723,-80.0351,0.1629
53.4761999999,-79.921,0.1664
54.2703,-79.98,0.0681
54.3503,-79.9609,0.164
54.3539,-79.9398,0.1099
61.4438999998,-79.8888,0.1808
63.2486999999,-79.562,0.0832
63.2522999998,-79.5962,0.0663
84.2538000001,-77.6304,0.2365
85.3546000002,-78.2566,0.2261
85.3596000001,-78.4301,0.1639
88.3785000001,-78.5692,0.1912
89.3467999999,-78.163,3.5094
91.372,-78.768,0.2509
91.3769999999,-78.6937,0.2275
104.2172,-78.4245,0.4005
104.222,-78.5179,0.3391
122.2049,-78.1757,0.1983
122.2096,-78.2417,0.1935
123.2079,-77.6265,0.3732
123.2127,-77.5874,0.4622
136.2295,-78.3302,0.2447
137.219,-77.4638,0.3688
137.2238,-77.5279,0.3467
141.483,-77.8103,0.3344
143.4968,-77.781,0.1987
145.2346,-77.6455,0.3321
145.2393,-77.4454,0.4237
