2.76800000016,-82.974,0.2325
2.77059999993,-82.9541,0.2327
7.60880000005,-82.9074,0.0743
7.61029999983,-82.8996,0.0997
12.5805000002,-82.8494,0.0191
12.5819999999,-82.8638,0.0138
16.3974000001,-82.5102,0.0339
16.3991,-82.5104,0.0339
20.1641000002,-82.5635,0.061
20.1655999999,-82.5462,0.0617
29.3667000001,-82.356,0.0192
29.3681999999,-82.3608,0.0235
29.3936999999,-82.1728,0.0235
29.3953,-82.2088,0.0245
32.7875000001,-82.2865,0.018
32.7892,-82.3071,0.0159
37.2196999998,-82.4494,0.0972
37.2212,-82.3715,0.0919
41.2144999998,-82.299,0.2172
41.216,-82.3148,0.1204
44.5356999999,-82.2295,0.0954
55.3171000001,-81.7129,0.1294
55.3185999999,-81.8588,0.1243
57.7228000001,-82.1026,0.0625
57.7242999999,-82.1058,0.0616
63.4378,-81.9768,0.0717
63.4393000002,-81.9829,0.0725
69.2598000001,-81.7357,0.0453
69.2612999999,-81.6915,0.044
71.5282000001,-81.6561,0.2209
71.5307,-81.8101,0.087
74.9484000001,-81.9206,0.0601
77.4928000001,-81.7323,0.293
77.4955000002,-81.7098,0.1921
81.9075000002,-81.7208,0.1881
81.9098999999,-81.6643,0.1347
85.2683000001,-81.5141,0.0549
85.2707000002,-81.4782,0.0504
88.2747,-81.2125,0.1789
88.2771999999,-81.1806,0.1772
88.3361,-81.3902,0.1783
88.3385999999,-81.4182,0.1781
91.4604000002,-81.1664,0.0714
91.4627999999,-81.1384,0.0689
94.5644999999,-79.7973,0.0501
94.5671000001,-79.695,0.0511
103.907,-80.0276,0.0816
103.9094,-79.7942,0.2315
108.9646,-79.7092,0.3816
108.967,-80.1135,0.247
112.4901,-79.3027,0.2058
112.4926,-79.1704,0.2315
112.5216,-79.4197,0.1858
113.2711,-79.1439,0.3961
113.2737,-79.3547,0.2917
116.6402,-79.4971,0.1577
116.6427,-79.0263,0.2606
119.2255,-79.4936,0.1422
120.3637,-80.2405,0.1162
120.3662,-79.9122,0.1083
123.1999,-79.0519,0.1612
125.2277,-80.2198,0.1906
125.2302,-80.281,0.1623
130.2564,-80.2295,0.1789
130.2604,-79.7198,0.1994
139.2038,-79.5553,0.2556
139.2074,-79.4419,0.2576
144.2916,-79.3778,0.2985
147.264,-79.3938,0.1214
147.2678,-79.3426,0.1468
149.4588,-79.1939,0.18
149.4624,-79.1504,0.1543
149.5373,-78.8755,0.2548
149.5409,-79.0033,0.142
150.2013,-79.3875,0.1079
150.2048,-79.2237,0.1503
150.2743,-79.4295,0.1362
151.216,-78.9918,0.292
151.221,-79.0372,0.241
151.2297,-79.7878,0.3228
151.2346,-79.1827,0.1599
154.2019,-78.9834,0.1338
154.2067,-79.1833,0.1304
155.2005,-79.7378,0.2124
155.2052,-80.0672,0.1769
158.2039,-79.7989,0.1724
158.2086,-79.6731,0.1703
159.3059,-79.2253,0.2318
159.3107,-79.5017,0.2962
172.5124,-78.7994,0.206
172.5171,-78.8317,0.2006
