0.847599999979,-14.6115,0.0422
0.850399999879,-14.5943,0.0445
3.71829999983,-15.7028,0.0412
3.72019999987,-15.6969,0.0418
3.73959999997,-15.7074,0.0451
3.7415,-15.7122,0.0553
3.7733,-15.7369,0.0455
3.77520000003,-15.7375,0.0469
3.80590000004,-15.7223,0.0586
3.80769999977,-15.7441,0.5275
12.6063000001,-15.1409,0.0433
12.6079000002,-15.1575,0.0436
13.8553999998,-15.067,0.0544
13.8569,-15.0835,0.0435
17.6090000002,-14.8587,0.0485
17.6105,-14.8484,0.0408
19.7522999998,-14.7293,0.0418
19.7538000001,-14.7289,0.0436
20.6584000001,-14.6821,0.0417
20.6598999999,-14.6934,0.0444
21.7839000002,-14.6218,1.055
21.7855000002,-14.602,0.4224
22.7486,-14.5831,0.0422
22.7500999998,-14.567,0.0415
24.7859,-14.5692,0.0182
24.7873999998,-14.5839,0.0194
26.7971999999,-14.4387,0.0791
26.7987000002,-14.4384,0.0934
28.7242999999,-14.2973,0.0543
30.6900999998,-14.1633,0.0542
30.6916,-14.21,0.0528
32.6175000002,-13.9759,0.0209
32.6189999999,-13.9465,0.0234
33.7036000001,-14.0912,0.0439
33.7050999999,-14.087,0.0389
34.6900999998,-14.0634,0.0439
34.6916999999,-14.0714,0.0484
35.7738999999,-14.0464,0.0451
35.7754000002,-14.0407,0.0468
36.7593999999,-14.0322,0.0254
36.7609000001,-14.0386,0.0259
38.6105,-13.9454,0.0551
38.6121,-13.9407,0.0447
42.7458000001,-13.8247,0.048
42.7472999999,-13.8181,0.0452
47.6833000001,-13.8445,0.0622
50.6291,-13.462,0.0563
54.7263000002,-13.2589,0.3673
59.6549999998,-13.2802,0.0546
59.6565,-13.3045,0.0526
86.6305999998,-13.0114,0.0671
86.6324999998,-13.0659,0.0675
86.6502,-12.924,0.0617
86.6521000001,-13.0014,0.0754
88.6365,-13.0111,0.0785
88.6379999998,-12.9822,0.0823
89.6365,-12.7355,0.1319
89.6379999998,-12.7124,0.1247
104.7728,-13.1733,0.4412
104.774,-13.1672,0.4089
