0.369899999816,-81.7109,0.0255
0.37229999993,-81.686,0.017
3.7285000002,-81.1155,0.0159
3.73089999985,-81.106,0.0191
7.53329999978,-81.7142,0.0255
7.53580000019,-81.7251,0.035
11.2757000001,-81.4508,0.0418
11.2781000002,-81.5248,0.0591
15.0260000001,-81.0241,0.1271
18.9081999999,-80.7961,0.151
18.9106000001,-80.7325,0.1414
18.9676000001,-80.8066,0.0716
18.9701,-80.8383,0.1554
22.9175999998,-80.6723,0.1698
22.9201000002,-80.3501,0.4418
29.7809000001,-80.0171,0.3951
35.2744999998,-79.9826,0.0837
35.2792000002,-80.0416,0.0637
35.3039000002,-80.0839,0.0681
35.3086999999,-80.3913,0.0852
39.3198000002,-79.928,0.3253
39.3256000001,-79.9937,1.4987
39.4032000001,-80.0485,0.0767
39.4079,-79.9635,0.091
43.4495999999,-79.7242,0.1189
47.3618999999,-79.7277,0.1075
47.3667000001,-79.7376,0.341
51.9816999999,-79.6977,0.0618
51.9863999998,-79.7042,0.078
55.8755999999,-79.4552,0.0771
57.9056000002,-79.5144,0.0649
62.5260999999,-79.5016,0.0584
62.5309000001,-79.4549,0.0769
62.5696999999,-79.506,0.0743
62.5745000001,-79.5148,0.0878
63.5257999999,-79.4607,0.0721
63.5306000002,-79.4494,0.0655
67.2492,-79.2488,0.3362
67.2540000002,-79.3448,0.1167
72.9446,-79.2538,0.1973
72.9493999998,-78.8773,0.2834
76.9865000001,-79.4275,0.1489
76.9912999999,-79.0057,0.1923
81.2398999999,-79.0216,0.076
81.2447000002,-79.0791,0.0621
85.5175000001,-78.5986,0.0895
85.5222999998,-78.6196,0.076
85.5597999999,-78.7548,0.0776
87.3684999999,-78.2877,0.2908
87.3735000002,-78.3928,0.2686
89.2823000001,-78.093,0.2321
