12.2412800002,-17.5976,0.039
12.2437800001,-17.5794,0.0399
13.5767299999,-17.6066,0.0179
13.5792200002,-17.568,0.017
23.5537700001,-17.3715,0.0148
23.5562800001,-17.2089,0.0174
25.5540900002,-17.3067,0.0354
25.55663,-17.3329,0.0345
27.8300999999,-17.094,0.0238
27.8326099999,-17.089,0.0176
30.1880199998,-16.9598,0.0151
30.1905399999,-16.9544,0.036
32.1627699998,-16.7874,0.0132
32.1652700002,-16.8611,0.0161
34.1791900001,-16.6447,0.0179
34.18169,-16.7,0.0162
35.1809,-16.6806,0.0168
35.1834200001,-16.6632,0.0165
36.4658499998,-16.5958,0.0203
36.4683900001,-16.5949,0.0226
38.0723999999,-16.5372,0.0175
38.0748999999,-16.5492,0.0177
42.1530200001,-16.4739,0.0263
42.15552,-16.4593,0.0279
47.4567900002,-16.348,0.0287
47.4592800001,-16.3213,0.0329
53.0689300001,-16.2181,0.0206
53.07143,-16.1605,0.0213
53.1535999998,-16.1541,0.022
53.1560900002,-16.1785,0.0202
59.4699599999,-16.0063,0.0344
59.4724599998,-15.9698,0.0255
71.0897900001,-15.6646,0.0767
71.09228,-15.8294,0.0724
74.4185600001,-15.7862,0.0333
74.4222200001,-15.8369,0.0459
81.04489,-15.6173,0.0227
81.04856,-15.6111,0.0254
93.0507299998,-15.6232,0.2161
97.2523699999,-15.082,0.0581
97.25764,-14.998,0.0616
99.9714000002,-14.9163,0.1234
99.9762200001,-14.7223,0.126
103.60097,-14.4426,0.0713
103.6058,-14.4719,0.0889
105.69897,-14.1538,0.0726
105.7038,-14.1419,0.0638
108.63218,-13.7909,0.0547
108.63701,-13.9358,0.0553
111.59769,-13.5652,0.07
111.60253,-13.5676,0.0763
114.99054,-13.3349,0.2497
114.99537,-13.4863,0.2462
117.33096,-13.4791,0.0855
118.28735,-13.4902,0.1631
132.69617,-12.7919,0.4002
132.70331,-13.0537,0.3082
143.65887,-12.7216,0.188
143.66603,-12.8782,0.1579
144.62077,-12.9326,0.1498
144.62794,-12.976,0.1102
149.64263,-13.1541,0.1094
149.64979,-13.0699,0.1235
152.53568,-13.0367,0.116
152.54282,-12.9567,0.1089
152.64905,-13.2866,0.0988
152.65622,-13.1032,0.1746
154.6216,-13.0181,0.2014
154.62874,-13.0045,0.1695
156.63338,-13.0575,0.2455
168.551,-13.0833,0.1431
168.55815,-12.5974,0.1608
169.55097,-13.0441,0.1519
169.55813,-12.9309,0.165
170.53725,-13.0239,0.181
170.5444,-12.9818,0.1484
183.56508,-12.645,0.3533
184.55912,-12.4661,0.4297
