0.742850000039,-15.6414,0.0074
2.13336999994,-15.7418,0.0061
3.85038000019,-15.6908,0.0251
3.88400000008,-15.6491,0.029
4.10143000027,-15.7591,0.0141
4.15995999984,-15.7081,0.0025
6.75319000008,-15.6881,0.0054
7.7380400002,-15.6224,0.0002
12.4006099999,-15.5251,0.0013
15.8707099999,-15.4148,0.0228
19.70707,-15.3506,0.0127
25.1371200001,-15.2312,0.0067
28.7260000003,-15.1268,0.0149
28.7829200001,-15.1785,0.0101
32.7171200002,-15.0683,0.0143
36.7304699998,-15.0416,0.0319
39.3295700001,-15.1176,0.0052
41.0902100001,-15.0492,0.0001
42.4041200001,-14.9992,0.0218
42.7634300003,-15.0322,0.0211
43.7248900002,-15.0297,0.009
52.7645200002,-14.9349,0.0153
53.1280100001,-15.057,0.0016
60.7556400001,-14.9489,0.009
64.3457499999,-14.9265,0.0134
73.3451700001,-14.8146,0.0094
1.03684000019,-15.4343,0.046666
2.85370999994,-15.5322,0.0500465
4.99251999985,-15.5009,0.0559308
6.58548999997,-15.4906,0.0560795
11.75244,-15.4497,0.0541837
14.7783300001,-15.4099,0.0597123
16.9791200003,-15.3431,0.0577664
22.7382800002,-15.1233,0.0591476
9.84634000016,-15.445,0.0797966
