-6.08,-22.808,0.01
-3.17,-22.878,0.03
0.110000000001,-23.038,0.1
10.99,-22.708,0.01
12.1,-22.558,0.02
12.8,-22.778,0.01
18.1,-22.498,0.05
23.05,-22.508,0.0
28.13,-22.248,0.02
35.84,-22.158,0.01
39.84,-22.068,0.06
40.85,-22.008,0.03
41.0,-21.908,0.05
41.76,-21.948,0.06
42.85,-21.998,0.04
44.85,-21.888,0.03
48.1,-21.658,0.02
50.84,-21.668,0.04
52.81,-21.488,0.04
53.87,-21.648,0.03
58.0,-21.378,0.03
60.75,-21.288,0.03
62.85,-21.278,0.11
69.1,-20.968,0.03
74.75,-20.728,0.0
78.83,-20.668,0.05
81.88,-20.578,0.18
90.87,-20.208,0.15
94.0,-19.958,0.11
94.84,-20.148,0.13
96.74,-20.018,0.14
-39.25713,-20.278,0.56
-30.25,-21.468,0.28
-19.28,-22.408,0.2
-10.26,-22.678,0.35
-4.08,-22.848,0.29
17.64,-22.508,0.27
25.59,-22.268,0.21
40.74,-21.888,0.22
