26.35,-10.994,0.015
36.32,-10.793,0.012
43.4,-10.656,0.008
48.35,-10.539,0.014
50.36,-10.5,0.011
50.43,-10.5,0.006
52.42,-10.482,0.004
64.25,-10.109,0.02
72.44,-9.879,0.006
82.43,-9.436,0.018
93.41,-8.89,0.008
103.42,-8.265,0.021
161.33,-5.672,0.5
579.19,-2.863,0.0
22.39,-11.016,0.049
26.38,-10.971,0.016
30.37,-10.906,0.018
30.37,-11.012,0.018
31.37,-10.823,0.038
31.37,-10.837,0.079
36.35,-10.883,0.02
37.34,-10.785,0.033
37.35,-10.755,0.02
44.34,-10.569,0.023
45.32,-10.602,0.037
46.31,-10.627,0.03
46.32,-10.603,0.021
47.32,-10.595,0.03
48.31,-10.513,0.049
48.31,-10.613,0.025
49.3,-10.495,0.117
49.31,-10.44,0.024
50.3,-10.405,0.054
52.3,-10.394,0.032
52.3,-10.444,0.023
53.3,-10.422,0.022
54.3,-10.481,0.027
57.29,-10.366,0.058
57.29,-10.319,0.041
59.29,-10.358,0.054
59.35,-10.318,0.044
60.28,-10.277,0.055
60.36,-10.197,0.025
61.28,-10.167,0.055
61.28,-10.142,0.057
62.28,-10.208,0.043
62.28,-10.2,0.022
64.28,-10.037,0.023
65.31,-10.057,0.065
66.29,-10.041,0.164
68.47,-9.991,0.033
70.27,-9.975,0.045
75.25,-9.678,0.111
75.25,-9.775,0.048
76.31,-9.8,0.102
76.24,-9.628,0.076
77.24,-9.655,0.144
77.23,-9.625,0.122
78.27,-9.715,0.082
78.32,-9.601,0.057
80.36,-9.565,0.056
81.23,-9.485,0.109
82.22,-9.459,0.054
83.24,-9.385,0.099
83.23,-9.313,0.043
96.34,-8.603,0.068
