126.35,-10.994,0.015
136.32,-10.793,0.012
143.4,-10.656,0.008
148.35,-10.539,0.014
150.36,-10.5,0.011
150.43,-10.5,0.006
152.42,-10.482,0.004
164.25,-10.109,0.02
172.44,-9.879,0.006
182.43,-9.436,0.018
193.41,-8.89,0.008
203.42,-8.265,0.021
261.33,-5.672,0.5
679.19,-2.863,0.0
122.39,-11.016,0.049
126.38,-10.971,0.016
130.37,-10.906,0.018
130.37,-11.012,0.018
131.37,-10.823,0.038
131.37,-10.837,0.079
136.35,-10.883,0.02
137.34,-10.785,0.033
137.35,-10.755,0.02
144.34,-10.569,0.023
145.32,-10.602,0.037
146.31,-10.627,0.03
146.32,-10.603,0.021
147.32,-10.595,0.03
148.31,-10.513,0.049
148.31,-10.613,0.025
149.3,-10.495,0.117
149.31,-10.44,0.024
150.3,-10.405,0.054
152.3,-10.394,0.032
152.3,-10.444,0.023
153.3,-10.422,0.022
154.3,-10.481,0.027
157.29,-10.366,0.058
157.29,-10.319,0.041
159.29,-10.358,0.054
159.35,-10.318,0.044
160.28,-10.277,0.055
160.36,-10.197,0.025
161.28,-10.167,0.055
161.28,-10.142,0.057
162.28,-10.208,0.043
162.28,-10.2,0.022
164.28,-10.037,0.023
165.31,-10.057,0.065
166.29,-10.041,0.164
168.47,-9.991,0.033
170.27,-9.975,0.045
175.25,-9.678,0.111
175.25,-9.775,0.048
176.31,-9.8,0.102
176.24,-9.628,0.076
177.24,-9.655,0.144
177.23,-9.625,0.122
178.27,-9.715,0.082
178.32,-9.601,0.057
180.36,-9.565,0.056
181.23,-9.485,0.109
182.22,-9.459,0.054
183.24,-9.385,0.099
183.23,-9.313,0.043
196.34,-8.603,0.068
131.038,-10.945,0.01
141.675,-10.695,0.01
156.39,-10.405,0.02
212.17,-8.185,0.08
213.04,-8.035,0.09
224.598,-7.465,0.13
274.017,-5.425,0.0
