606.35,-10.994,0.015
616.32,-10.793,0.012
623.4,-10.656,0.008
628.35,-10.539,0.014
630.36,-10.5,0.011
630.43,-10.5,0.006
632.42,-10.482,0.004
644.25,-10.109,0.02
652.44,-9.879,0.006
662.43,-9.436,0.018
673.41,-8.89,0.008
683.42,-8.265,0.021
602.39,-11.016,0.049
606.38,-10.971,0.016
610.37,-10.906,0.018
610.37,-11.012,0.018
611.37,-10.823,0.038
611.37,-10.837,0.079
616.35,-10.883,0.02
617.34,-10.785,0.033
617.35,-10.755,0.02
624.34,-10.569,0.023
625.32,-10.602,0.037
626.31,-10.627,0.03
626.32,-10.603,0.021
627.32,-10.595,0.03
628.31,-10.513,0.049
628.31,-10.613,0.025
629.3,-10.495,0.117
629.31,-10.44,0.024
630.3,-10.405,0.054
632.3,-10.394,0.032
632.3,-10.444,0.023
633.3,-10.422,0.022
634.3,-10.481,0.027
637.29,-10.366,0.058
637.29,-10.319,0.041
639.29,-10.358,0.054
639.35,-10.318,0.044
640.28,-10.277,0.055
640.36,-10.197,0.025
641.28,-10.167,0.055
641.28,-10.142,0.057
642.28,-10.208,0.043
642.28,-10.2,0.022
644.28,-10.037,0.023
645.31,-10.057,0.065
646.29,-10.041,0.164
648.47,-9.991,0.033
650.27,-9.975,0.045
655.25,-9.678,0.111
655.25,-9.775,0.048
656.31,-9.8,0.102
656.24,-9.628,0.076
657.24,-9.655,0.144
657.23,-9.625,0.122
658.27,-9.715,0.082
658.32,-9.601,0.057
660.36,-9.565,0.056
661.23,-9.485,0.109
662.22,-9.459,0.054
663.24,-9.385,0.099
663.23,-9.313,0.043
676.34,-8.603,0.068
