0.0,-17.7848,0.0129
0.00240000011399,-17.8156,0.0111
13.9576000003,-17.4759,0.0233
13.9598000003,-17.4639,0.0191
21.9185000001,-17.0472,0.0312
21.9207000001,-17.0366,0.0223
22.1290000002,-17.0864,0.0243
23.9372,-17.0794,0.0211
23.9395000003,-17.1562,0.0213
32.014,-16.8967,0.0173
32.0162,-16.9374,0.0171
39.9620000003,-16.8034,0.022
39.9642000003,-16.806,0.0205
47.8517,-16.7102,0.0215
47.8540000003,-16.7351,0.0195
56.1074000001,-16.6142,0.0262
56.1096999999,-16.6315,0.0317
56.1153000002,-16.7368,0.0246
56.1176,-16.5976,0.0267
73.071,-16.4188,0.0317
73.0729,-16.4162,0.0337
81.051,-16.2192,0.0295
81.0529,-16.3388,0.0346
82.1074000001,-16.3149,0.0271
82.1099,-16.41,0.0281
100.8577,-15.6393,0.0323
100.8602,-15.6144,0.0366
108.9098,-14.8831,0.0747
108.9122,-14.7365,0.0894
113.8774,-14.3595,0.1371
113.88,-14.4018,0.1053
118.9413,-14.0266,0.1169
118.9449,-14.0114,0.1191
121.9701,-13.755,0.1593
121.9738,-14.3283,0.1053
124.9569,-14.296,0.117
127.9524,-13.8783,0.084
127.956,-13.9487,0.0776
130.91,-13.8484,0.083
130.9137,-13.8255,0.1222
145.8468,-13.871,0.1573
145.8505,-14.0911,0.1361
147.842,-13.9708,0.1276
147.8468,-14.3373,0.1149
