-19.3206199999,-15.8933,0.0226
-17.1540799998,-16.4241,0.0008
-14.6632900001,-16.9857,0.0366
-13.0656900001,-17.3027,0.0821
-12.2695499999,-17.2734,0.0211
-11.38588,-17.4119,0.0057
-9.35332000023,-17.6426,0.0051
-7.35927999998,-17.6429,0.0999
-6.07421000022,-17.6838,0.0014
-5.70258999988,-17.8065,0.0053
-5.6754999999,-17.8089,0.011
-5.08454000019,-17.7093,0.0152
-5.06303999992,-17.7996,0.0111
-4.72057999996,-17.7475,0.0052
-3.72243000008,-17.7494,0.0087
-2.17718000012,-17.736,0.0107
-2.09789999994,-17.6287,0.0059
-1.72271999996,-17.6632,0.0312
-1.06980999978,-17.6205,0.1157
0.932529999875,-17.4926,0.007
1.81244000001,-17.3152,0.0049
3.27581000002,-17.0919,0.0026
6.8894199999,-16.9137,0.0614
9.69535999978,-16.5005,0.0191
15.2313000001,-16.2085,0.079
15.8763700002,-16.1138,0.0824
25.20181,-15.6825,0.0866
31.2203000002,-15.3578,0.013
31.8391300002,-15.4441,0.1267
37.1979299998,-15.3945,0.125
41.1965600001,-15.3228,0.4781
48.6571999998,-15.2349,0.0256
57.6238299999,-15.0282,0.0379
