0.000129000000015,-14.1472,0.018
0.249406200004,-14.2149,0.0212
1.27909610001,-14.5701,0.017
1.4471663,-14.603,0.0223
2.24925750001,-14.9178,0.0223
4.3186877,-15.481,0.0159
6.31868040001,-15.9066,0.0116
7.3430869,-16.0213,0.0138
8.3186829,-16.0644,0.0074
10.1574971,-16.248,0.0064
10.3224816,-16.164,0.0106
11.4148036,-16.2591,0.0063
14.2025167,-16.263,0.0085
14.2978562,-16.2448,0.0063
15.2978691,-16.2151,0.0116
18.481843,-15.9349,0.0116
19.106945,-15.9305,0.017
19.2978593,-15.8773,0.0085
19.4818424,-15.8043,0.0127
20.4436819,-15.711,0.0138
21.9461884,-15.4238,0.017
24.4436765,-14.9974,0.018
26.3325904,-14.795,0.018
26.4436868,-14.7205,0.0159
33.45692,-14.0074,0.084
34.4477283,-14.0495,9999.0
38.456929,-13.8811,0.0531
42.9851749,-13.8095,0.035
47.2694621,-13.6742,0.0276
49.2148836,-13.6763,0.0276
49.4109713,-13.6059,0.0647
50.7059015,-13.6756,0.0488
51.4291937,-13.5145,0.0499
51.6723584,-13.6811,0.0488
53.7022441,-13.7203,0.0403
54.3178142,-13.5451,0.0658
55.6564586,-13.6158,0.0371
57.2261481,-13.634,0.0223
57.6657629,-13.587,0.0361
58.2582799,-13.5088,0.0457
63.2821563,-13.5686,0.0637
67.6306765,-13.4343,0.0509
68.2189805,-13.4575,0.0456
69.2503238,-13.541,0.0435
