0.0168800000101,-18.5104,0.027
0.0193799999543,-18.4779,0.0267
0.0769799998961,-18.408,0.0244
0.0794799998403,-18.4723,0.0255
0.364300000016,-18.3926,0.0335
0.36679999996,-18.2843,0.0396
0.726329999976,-18.3667,0.0108
0.72921000002,-18.3877,0.0112
1.36237999983,-18.1634,0.0331
1.36487999978,-18.1895,0.0339
2.15362,-18.1988,0.048
2.15611999994,-18.2107,0.0432
2.35864999983,-18.3039,0.0354
2.36116999993,-18.2993,0.0291
2.59806999983,-18.3281,0.0241
2.60058999993,-18.2684,0.0294
3.35623000003,-18.34,0.0426
3.35872999998,-18.1936,0.0344
3.39001000021,-18.2498,0.0334
3.39252999984,-18.1368,0.0337
3.99637999991,-18.1241,0.0431
3.99887999985,-18.2284,0.0444
4.38664999977,-18.075,0.045
4.38920000009,-18.1494,0.0393
5.1252100002,-18.1017,0.0276
5.12771000015,-18.053,0.0323
5.15909999982,-18.0508,0.0302
5.16160000023,-18.0381,0.0355
7.18883999996,-17.8605,0.0348
7.39226000011,-17.89,0.0354
7.39478999982,-17.923,0.0303
7.85529999994,-17.8301,0.033
7.85779999988,-17.8027,0.0304
12.20792,-17.5626,0.0498
12.21043,-17.5078,0.0518
16.08011,-17.2993,0.0611
16.0826099999,-17.4071,0.0576
19.8110099998,-17.0947,0.1378
19.8135099998,-16.9199,0.1376
22.7197199999,-16.8723,0.0627
22.7233799999,-16.8862,0.0425
31.4379400001,-16.6395,0.0512
31.4416100001,-16.7022,0.0506
35.1588499998,-16.6673,0.109
35.6838699998,-16.4898,0.0433
35.6875399998,-16.3991,0.046
39.6789000002,-16.2882,0.0501
39.6825799998,-16.306,0.0518
39.7129899999,-16.5073,0.2006
39.7166800001,-16.2936,0.0577
39.7460500002,-16.1283,0.0623
39.7497200002,-16.3133,0.0435
40.6320799999,-16.176,0.039
40.6357399998,-16.1578,0.0443
40.6491399999,-16.2223,0.0436
40.65282,-16.0363,0.0777
40.68842,-16.2621,0.0575
42.4012699998,-16.2908,0.0668
42.41683,-16.3049,0.0867
42.4293300002,-16.5714,0.0708
42.4308500001,-16.3541,0.0867
42.4345100001,-16.0236,0.0903
42.46154,-16.0229,0.1054
42.4652999998,-16.0817,0.085
42.46588,-15.9836,0.0742
42.4659000002,-16.5035,0.0639
42.46955,-16.4002,0.0657
42.4695700002,-16.1625,0.0626
42.4933500001,-16.2803,0.074
42.4970999998,-16.2226,0.0683
42.5035299999,-16.0719,0.0402
42.5035399999,-16.2545,0.0425
42.5072400002,-16.1715,0.0506
42.5072900001,-16.1179,0.056
42.56274,-16.0801,0.095
42.56641,-15.9838,0.074
42.62109,-16.0572,0.0411
42.62476,-16.1881,0.0506
42.6523199999,-16.1337,0.0499
42.6559799998,-16.1675,0.0436
42.6855100002,-16.1248,0.0484
42.6891700001,-16.0208,0.0694
42.72431,-16.1344,0.0493
42.72798,-16.0693,0.0575
42.7556599998,-16.03,0.0378
42.7593299998,-16.0566,0.0596
45.3267999999,-16.3634,0.2457
45.3304599999,-16.0525,0.274
47.3011599998,-16.0677,0.2346
47.3048200002,-16.1593,0.2211
47.3487200001,-16.0248,0.187
47.3523800001,-15.7756,0.2416
49.7064999999,-15.7817,0.0821
49.7105399999,-15.8175,0.0863
53.7208500002,-15.4337,0.0884
53.7248900002,-15.4811,0.0651
57.6843300001,-15.2815,0.0429
57.6883899998,-15.334,0.0524
61.6833500001,-15.2389,0.045
61.6873900001,-15.2451,0.0387
65.6540299999,-15.3067,0.0567
65.65809,-15.2776,0.0471
69.5833000001,-15.2066,0.0704
69.5874000001,-15.1985,0.0757
75.6159799998,-14.8636,0.2179
75.6200299999,-14.9025,0.2371
79.6067900001,-15.2478,0.1702
79.6108300001,-15.0506,0.1988
85.6294100001,-15.0893,0.0734
85.6334799998,-15.1509,0.0576
89.60176,-15.1515,0.0514
89.6058299998,-15.1032,0.0513
93.5940399999,-15.0235,0.0831
93.59809,-15.3485,0.0577
94.5392900002,-15.1546,0.064
94.5433299998,-15.1403,0.0609
99.56372,-15.2357,0.1181
99.5677800002,-15.0514,0.1276
103.52789,-15.0394,0.2116
103.53195,-15.1379,0.1787
107.52577,-15.2347,0.2042
107.52982,-15.2021,0.1766
112.53778,-14.8367,0.1
112.54179,-14.9808,0.0746
116.53858,-15.1131,0.1011
116.54262,-15.0298,0.1128
120.51719,-14.9218,0.2369
120.52119,-14.9952,0.1414
124.51418,-14.7374,0.3038
124.51818,-14.7203,0.1733
141.77158,-14.4428,0.471
141.77644,-14.1404,0.5051
146.72534,-13.793,0.285
146.7302,-14.2282,0.1413
