-15937.0,10.295,0.0
-4977.0,9.375,0.0
-2824.0,9.595,0.0
-2816.0,9.535,0.0
-2401.0,9.165,0.0
-0.82,1.265,0.0
3.17,1.615,0.0
4.17,1.785,0.0
7.21,3.085,0.0
8.2,3.525,0.0
10.21,4.325,0.0
11.0,5.485,0.0
97.0,10.975,0.0
3368.7,10.895,0.0
3376.465,10.845,0.0
3500.0,11.335,0.0
3501.217,10.805,0.0
3765.41,10.525,0.0
3765.4,10.605,0.0
3766.423,10.885,0.0
3766.426,10.855,0.0
4090.513,10.995,0.0
4118.449,10.895,0.0
4118.481,10.905,0.0
4119.468,10.785,0.0
4154.389,10.755,0.0
4172.447,10.845,0.0
4172.452,10.815,0.0
4172.463,10.695,0.0
4198.45,10.725,0.0
4468.482,11.035,0.0
4477.495,11.045,0.0
4478.475,11.065,0.0
4532.326,11.575,0.0
4540.291,11.695,0.0
4622.15,11.855,0.0
4853.4608,12.275,0.0
4854.48,12.235,0.0
4855.43,12.305,0.0
4889.3209,12.645,0.0
3.17,1.615,0.0
4.17,1.785,0.0
7.21,3.085,0.0
8.2,3.525,0.0
10.21,4.325,0.0
10.9,5.485,0.0
97.5,10.975,0.0
