-26988.673,-0.775,0.0
-26986.665,-0.725,0.0
-26686.556,-0.785,0.0
-26271.658,-0.915,0.0
-25676.384,-0.915,0.0
-25646.432,-0.725,0.0
-25566.645,-0.915,0.0
-25541.671,-0.945,0.0
-25538.65,-0.725,0.0
-25517.661,-0.955,0.0
-25235.523,-0.915,0.0
-22732.412,-0.725,0.0
-22677.582,-0.725,0.0
-22677.493,-0.735,0.0
-22676.622,-0.815,0.0
-22676.531,-0.815,0.0
-22676.441,-0.815,0.0
-22675.756,-0.995,0.0
-22675.49,-0.915,0.0
-22675.401,-0.725,0.0
-21576.571,-0.635,0.0
-21576.514,-0.725,0.0
-21575.642,-0.635,0.0
-21575.599,-0.805,0.0
-21575.53,-0.725,0.0
-21575.443,-0.805,0.0
-21526.665,-0.575,0.0
-21526.623,-0.575,0.0
-21526.581,-0.575,0.0
-21526.538,-0.725,0.0
-21523.692,-0.805,0.0
-21523.65,-0.635,0.0
-21523.608,-0.635,0.0
-21522.701,-0.725,0.0
-21522.622,-0.575,0.0
-21521.699,-0.755,0.0
-21519.699,-0.555,0.0
-21519.619,-0.785,0.0
-21519.576,-0.415,0.0
-21518.603,-0.785,0.0
-21517.609,-0.945,0.0
-21165.664,-0.805,0.0
-19126.408,-0.895,0.0
-19012.2,-0.615,0.0
-17486.753,-0.865,0.0
-13937.454,-0.465,0.0
-12844.466,-0.785,0.0
-12810.587,-0.915,0.0
-12802.617,-0.725,0.0
-12802.561,-0.775,0.0
-12779.659,-0.805,0.0
-12775.649,-0.555,0.0
-12773.69,-0.725,0.0
-12773.607,-0.805,0.0
-12773.649,-0.775,0.0
-12773.607,-0.805,0.0
-12773.55,-0.785,0.0
-12773.494,-0.915,0.0
-12018.674,-0.655,0.0
-11654.512,-0.765,0.0
-9878.726,-0.625,0.0
-9878.656,-0.725,0.0
-9878.587,-0.625,0.0
-9472.708,-0.625,0.0
-9472.652,-0.815,0.0
-8054.553,-0.915,0.0
-8020.599,-0.725,0.0
-7289.684,-0.815,0.0
-7289.663,-0.955,0.0
-7265.703,-0.815,0.0
-7265.683,-0.525,0.0
-7255.654,-0.775,0.0
-7255.633,-0.725,0.0
-6960.3,-0.915,0.0
-6638.443,-0.345,0.0
-6638.413,-0.915,0.0
-6636.444,-0.785,0.0
-6636.412,-0.725,0.0
-6531.668,-0.415,0.0
-6511.657,-0.685,0.0
-6530.618,-0.815,0.0
-6306.409,-0.725,0.0
-6305.436,-0.635,0.0
-6305.361,-0.805,0.0
-6304.447,-0.725,0.0
-6304.363,-0.775,0.0
-6276.426,-0.815,0.0
-6274.467,-1.055,0.0
-6274.394,-0.725,0.0
-6251.531,-0.725,0.0
-6251.425,-0.725,0.0
-6226.605,-0.815,0.0
-6217.675,-0.775,0.0
-6217.504,-1.045,0.0
-6197.567,-0.955,0.0
-6189.7,-0.765,0.0
-6189.687,-0.365,0.0
-5925.447,-0.525,0.0
-5870.598,-0.775,0.0
-5821.676,-0.915,0.0
-5594.387,-0.805,0.0
-5546.459,-0.565,0.0
-5546.426,-0.685,0.0
-5484.641,-0.725,0.0
-5433.687,-0.995,0.0
-5433.672,-0.665,0.0
-5105.649,-0.865,0.0
-5104.641,-0.775,0.0
-5103.662,-0.815,0.0
-5103.651,-0.345,0.0
-4744.567,-0.835,0.0
-4718.652,-0.295,0.0
-4451.403,-0.725,0.0
-4448.493,-0.785,0.0
-4364.678,-0.555,0.0
-4343.688,-0.575,0.0
-4343.676,-0.625,0.0
-4342.675,-0.625,0.0
-4341.699,-0.945,0.0
-4341.686,-0.815,0.0
-4039.578,-0.505,0.0
-4037.433,-0.625,0.0
-4036.577,-0.795,0.0
-4034.618,-0.735,0.0
-4016.616,-0.645,0.0
-4015.604,-0.715,0.0
-4013.629,-0.605,0.0
-4012.626,-0.755,0.0
-3990.699,-0.835,0.0
-3989.735,-0.665,0.0
-3988.718,-0.725,0.0
-3985.741,-0.715,0.0
-3983.681,-0.805,0.0
-3981.686,-0.465,0.0
-3684.577,-0.775,0.0
-3594.719,-0.605,0.0
-4066.601,-0.765,0.0
-4060.536,-0.735,0.0
-4037.608,-0.685,0.0
-4036.638,-0.645,0.0
-3657.564,-0.875,0.0
-3304.558,-0.715,0.0
-3279.628,-0.645,0.0
-2951.576,-0.635,0.0
-2948.6,-0.755,0.0
-2916.675,-0.665,0.0
-27.002,-4.525,0.0
-26.535,-4.605,0.0
-25.908,-4.735,0.0
-25.2769,-4.832,0.0
-24.977,-4.915,0.0
-23.902,-4.915,0.0
-23.1841,-4.997,0.0
-22.61,-4.955,0.0
-22.588,-5.025,0.0
-22.587,-4.995,0.0
-22.1939,-4.988,0.0
-21.62,-4.965,0.0
-21.616,-4.965,0.0
-20.965,-4.925,0.0
-20.564,-4.915,0.0
-19.609,-4.835,0.0
-18.048,-4.735,0.0
-17.016,-4.625,0.0
-16.7443,-4.725,0.0
-16.7239,-4.702,0.0
-16.599,-4.625,0.0
-15.583,-4.655,0.0
-13.94,-4.625,0.0
-12.995,-4.625,0.0
-11.991,-4.545,0.0
-11.0,-4.495,0.0
-9.069,-4.335,0.0
-6.989,-4.045,0.0
-6.062,-3.955,0.0
-4.013,-3.835,0.0
-3.6448,-3.815,0.0
-3.6378,-3.871,0.0
-3.6163,-3.815,0.0
-3.5927,-3.805,0.0
-2.6968,-7.058,0.0
-2.6306,-7.125,0.0
-2.6136,-7.165,0.0
-2.6091,-7.155,0.0
-2.6042,-7.165,0.0
-2.599,-7.185,0.0
-2.5938,-7.185,0.0
-2.5886,-7.215,0.0
-2.5834,-7.225,0.0
-2.5822,-7.238,0.0
-2.5785,-7.235,0.0
-2.5733,-7.235,0.0
-2.5685,-7.235,0.0
-2.5632,-7.265,0.0
-2.5584,-7.275,0.0
-1.7789,-7.795,0.0
-1.774,-7.785,0.0
-1.7695,-7.785,0.0
-1.7643,-7.785,0.0
-1.7487,-7.785,0.0
-1.6895,-7.88,0.0
-1.6045,-7.935,0.0
-1.3712,-7.962,0.0
-1.096,-8.135,0.0
-0.748500000002,-8.265,0.0
-0.326500000003,-8.435,0.0
0.300000000003,-8.615,0.0
0.301700000004,-8.616,0.0
0.427000000003,-8.655,0.0
0.428800000002,-8.639,0.0
0.906000000003,-8.695,0.0
1.902,-8.595,0.0
1.6482,-8.658,0.0
2.2285,-8.525,0.0
2.2324,-8.525,0.0
2.2362,-8.515,0.0
2.2403,-8.525,0.0
2.2438,-8.515,0.0
2.2483,-8.515,0.0
2.2521,-8.515,0.0
2.2563,-8.515,0.0
2.2605,-8.505,0.0
2.264,-8.505,0.0
2.2681,-8.515,0.0
2.2841,-8.505,0.0
2.287,-8.43,0.0
2.289,-8.495,0.0
2.2924,-8.485,0.0
2.385,-8.435,0.0
2.6567,-8.419,0.0
3.2946,-8.188,0.0
3.296,-8.195,0.0
3.7245,-8.179,0.0
4.35,-7.975,0.0
4.3564,-7.962,0.0
4.6028,-7.989,0.0
5.03,-7.895,0.0
5.284,-7.765,0.0
5.2855,-7.787,0.0
5.289,-7.765,0.0
5.6553,-7.76,0.0
6.04,-7.735,0.0
6.3208,-7.588,0.0
6.6014,-7.584,0.0
6.956,-7.595,0.0
7.422,-7.435,0.0
8.398,-7.325,0.0
9.458,-7.225,0.0
10.368,-7.105,0.0
10.4107,-7.197,0.0
10.4155,-7.193,0.0
10.4204,-7.199,0.0
10.424,-7.095,0.0
10.4253,-7.185,0.0
10.4301,-7.215,0.0
10.6405,-7.158,0.0
11.1234,-7.05,0.0
11.1437,-7.116,0.0
11.7572,-7.015,0.0
13.039,-6.965,0.0
13.2827,-6.924,0.0
13.2876,-6.93,0.0
13.2924,-6.931,0.0
13.2973,-6.92,0.0
13.3021,-6.913,0.0
13.307,-6.929,0.0
13.959,-6.915,0.0
14.94,-6.805,0.0
15.1102,-6.677,0.0
15.1322,-6.704,0.0
15.1646,-6.679,0.0
15.408,-6.755,0.0
16.2137,-6.596,0.0
16.2426,-6.625,0.0
16.3197,-6.625,0.0
16.321,-6.675,0.0
17.2104,-6.519,0.0
17.2439,-6.611,0.0
19.6609,-6.425,0.0
20.304,-6.365,0.0
21.3335,-6.341,0.0
21.3377,-6.339,0.0
21.6254,-6.242,0.0
22.6359,-6.277,0.0
24.279,-6.645,0.0
24.301,-6.681,0.0
24.3069,-6.669,0.0
24.3132,-6.671,0.0
25.296,-6.845,0.0
26.6832,-7.13,0.0
26.932,-7.245,0.0
27.685,-7.306,0.0
28.3411,-7.418,0.0
28.3466,-7.42,0.0
28.3529,-7.425,0.0
30.056,-7.525,0.0
30.949,-7.675,0.0
31.2786,-7.605,0.0
31.4445,-7.515,0.0
31.6248,-7.579,0.0
32.044,-7.775,0.0
32.2738,-7.634,0.0
32.279,-7.631,0.0
32.2842,-7.628,0.0
32.6502,-7.58,0.0
32.931,-7.725,0.0
33.4004,-7.525,0.0
33.6465,-7.616,0.0
33.98,-7.495,0.0
34.6843,-7.735,0.0
35.2823,-7.535,0.0
35.2885,-7.545,0.0
35.2951,-7.537,0.0
35.301,-7.534,0.0
35.95,-7.515,0.0
36.2249,-7.486,0.0
36.2312,-7.467,0.0
36.2371,-7.418,0.0
36.244,-7.466,0.0
37.346,-7.314,0.0
37.3519,-7.343,0.0
38.007,-7.235,0.0
39.024,-7.115,0.0
42.2211,-6.812,0.0
42.227,-6.82,0.0
42.2332,-6.832,0.0
42.2391,-6.831,0.0
42.2454,-6.821,0.0
42.2516,-6.813,0.0
42.2579,-6.843,0.0
42.3677,-6.815,0.0
43.011,-6.845,0.0
43.3756,-6.805,0.0
47.3652,-6.735,0.0
48.3341,-6.645,0.0
49.7085,-6.577,0.0
51.1139,-6.414,0.0
53.2796,-6.532,0.0
53.2865,-6.531,0.0
54.6932,-6.31,0.0
55.0196,-6.425,0.0
58.0173,-6.195,0.0
58.2361,-6.185,0.0
58.243,-6.197,0.0
58.6217,-6.027,0.0
58.9982,-5.935,0.0
62.6287,-5.676,0.0
64.2382,-5.684,0.0
65.9866,-5.275,0.0
70.2459,-5.04,0.0
70.2529,-5.036,0.0
78.317,-2.635,0.0
79.236,-2.235,0.0
81.226,-1.505,0.0
84.269,-0.905,0.0
85.241,-0.625,0.0
86.241,-0.505,0.0
87.231,-0.455,0.0
88.227,-0.355,0.0
218.63,0.115,0.0
219.61,0.135,0.0
220.61,0.125,0.0
231.999,0.175,0.0
241.5715,0.38,0.0
266.56,0.275,0.0
267.002,0.175,0.0
267.51,0.285,0.0
268.56,0.195,0.0
269.57,0.185,0.0
270.54,0.205,0.0
350.38,0.195,0.0
351.31,0.185,0.0
352.33,0.185,0.0
353.34,0.195,0.0
356.32,0.215,0.0
416.3056,0.115,0.0
418.1969,0.145,0.0
419.1981,0.17,0.0
419.2014,0.169,0.0
434.27,0.155,0.0
438.25,0.115,0.0
440.27,0.115,0.0
469.22,0.195,0.0
470.22,0.195,0.0
472.21,0.185,0.0
473.21,0.185,0.0
583.5,-0.065,0.0
587.61,-0.035,0.0
602.5499,-0.033,0.0
603.5329,-0.026,0.0
603.5424,-0.027,0.0
603.5547,-0.041,0.0
603.5722,-0.025,0.0
603.5797,-0.065,0.0
603.5874,-0.039,0.0
604.5382,-0.046,0.0
604.545,-0.023,0.0
604.5534,0.002,0.0
604.5647,0.004,0.0
604.5821,-0.028,0.0
605.5411,-0.019,0.0
605.5557,-0.014,0.0
605.5713,0.031,0.0
605.5782,-0.032,0.0
605.5902,-0.046,0.0
606.5243,-0.073,0.0
606.5429,-0.081,0.0
606.5565,-0.034,0.0
606.5683,-0.034,0.0
606.5817,-0.032,0.0
607.5265,-0.014,0.0
607.5587,-0.014,0.0
607.5807,-0.02,0.0
608.5226,-0.046,0.0
608.5481,-0.01,0.0
608.5521,-0.019,0.0
608.5648,-0.021,0.0
608.575,-0.022,0.0
608.5851,-0.037,0.0
685.359,-0.006,0.0
686.4093,-0.012,0.0
693.4659,0.01,0.0
707.433,0.016,0.0
721.363,-0.073,0.0
723.36,-0.118,0.0
725.324,-0.04,0.0
773.2614,-0.184,0.0
774.2385,-0.097,0.0
774.26,-0.034,0.0
824.26,-0.025,0.0
1010.4955,0.025,0.0
1010.5352,0.042,0.0
1020.6559,-0.074,0.0
1039.44,-0.045,0.0
1043.4124,-0.037,0.0
1044.4575,-0.008,0.0
1045.4479,-0.025,0.0
1046.4369,-0.015,0.0
1047.4795,0.003,0.0
1050.4592,-0.045,0.0
1054.0,0.045,0.0
1074.2956,0.021,0.0
1075.2838,0.022,0.0
1076.3641,8.881784197e-16,0.0
1077.282,0.009,0.0
1124.2029,-0.091,0.0
1126.2038,0.025,0.0
1341.5175,0.034,0.0
1341.5597,0.021,0.0
1341.5834,0.005,0.0
1414.4124,-0.005,0.0
1417.42,0.011,0.0
1417.42,0.011,0.0
1418.8349,0.045,0.0
1425.4197,0.055,0.0
1426.0,0.015,0.0
1427.3921,0.003,0.0
1427.3921,0.003,0.0
1433.4327,-0.006,0.0
1446.0,0.005,0.0
1463.0,0.005,0.0
1474.0,-0.005,0.0
1484.2892,-0.146,0.0
1510.0,-0.005,0.0
1515.2779,-0.041,0.0
1515.3026,-0.072,0.0
1516.2676,-0.017,0.0
1533.0,-0.015,0.0
1562.0,0.005,0.0
1689.0,-0.075,0.0
1693.533,-0.083,0.0
1712.508,-0.145,0.0
1712.5729,-0.142,0.0
1719.0,-0.145,0.0
1723.4575,-0.176,0.0
1723.5159,-0.178,0.0
1724.4763,-0.13,0.0
1724.5269,-0.151,0.0
1751.0,0.525,0.0
1761.5409,0.76,0.0
1762.4889,0.816,0.0
1764.5083,0.865,0.0
1765.4853,0.977,0.0
1766.4968,0.941,0.0
1767.5479,0.802,0.0
1768.4948,0.994,0.0
1769.4347,0.951,0.0
1770.4766,0.877,0.0
1775.4623,0.88,0.0
1775.524,0.939,0.0
1777.421,0.916,0.0
1778.4421,1.036,0.0
1778.4501,0.971,0.0
1778.4639,0.982,0.0
1778.4745,0.991,0.0
1779.5176,0.925,0.0
1780.4243,0.854,0.0
1835.187,-0.115,0.0
1835.1956,-0.109,0.0
1837.1447,-0.154,0.0
1841.2153,-0.215,0.0
1870.206,-0.046,0.0
1870.2188,-0.071,0.0
1870.2308,-0.063,0.0
2051.5559,1.135,0.0
2052.5486,1.171,0.0
2065.5287,1.228,0.0
2065.5352,1.188,0.0
2066.5557,1.214,0.0
2067.5648,1.21,0.0
2068.5257,1.221,0.0
2069.5133,1.218,0.0
