SN1999em,51516.39,14.732,0.017,70.3626666667,-2.86255555556
SN1999em,51494.44,14.15,NULL,70.3626666667,-2.86255555556
SN1999em,51510.4,14.67,0.012,70.3626666667,-2.86255555556
SN1999em,51485.43,13.91,NULL,70.3626666667,-2.86255555556
SN1999em,51492.59,13.96,NULL,70.3626666667,-2.86255555556
SN1999em,51485.44,13.85,NULL,70.3626666667,-2.86255555556
SN1999em,51496.59,14.08,NULL,70.3626666667,-2.86255555556
SN1999em,51583.82,16.22,NULL,70.3626666667,-2.86255555556
SN1999em,51551.24,15.38,NULL,70.3626666667,-2.86255555556
SN1999em,51551.23,15.273,0.065,70.3626666667,-2.86255555556
SN1999em,51491.36,13.877,0.014,70.3626666667,-2.86255555556
SN1999em,51527.34,15.05,NULL,70.3626666667,-2.86255555556
SN1999em,51556.23,15.291,0.013,70.3626666667,-2.86255555556
SN1999em,51556.24,15.4,NULL,70.3626666667,-2.86255555556
SN1999em,51508.4,14.609,0.012,70.3626666667,-2.86255555556
SN1999em,51607.1,18.265,0.020,70.3626666667,-2.86255555556
SN1999em,51576.24,15.74,NULL,70.3626666667,-2.86255555556
SN1999em,51508.3,14.743,0.014,70.3626666667,-2.86255555556
SN1999em,51866.27,19.81,NULL,70.3626666667,-2.86255555556
SN1999em,51495.37,14.056,0.01,70.3626666667,-2.86255555556
SN1999em,51500.2,14.452,0.014,70.3626666667,-2.86255555556
SN1999em,51550.0,15.434,0.014,70.3626666667,-2.86255555556
SN1999em,51558.24,15.52,NULL,70.3626666667,-2.86255555556
SN1999em,51812.49,19.092,0.11,70.3626666667,-2.86255555556
SN1999em,51493.2,14.084,0.014,70.3626666667,-2.86255555556
SN1999em,51637.15,17.966,0.112,70.3626666667,-2.86255555556
SN1999em,51492.44,14.07,NULL,70.3626666667,-2.86255555556
SN1999em,51488.3,13.950,0.014,70.3626666667,-2.86255555556
SN1999em,51531.3,15.167,0.009,70.3626666667,-2.86255555556
SN1999em,51488.4,13.821,0.01,70.3626666667,-2.86255555556
SN1999em,51607.14,18.39,NULL,70.3626666667,-2.86255555556
SN1999em,51642.02,18.17,NULL,70.3626666667,-2.86255555556
SN1999em,51494.38,14.009,0.01,70.3626666667,-2.86255555556
SN1999em,51496.44,14.25,NULL,70.3626666667,-2.86255555556
SN1999em,51496.42,14.121,0.01,70.3626666667,-2.86255555556
SN1999em,51486.23,13.93,NULL,70.3626666667,-2.86255555556
SN1999em,51511.35,14.8330,0.0150,70.3626666667,-2.86255555556
SN1999em,51523.34,14.98,NULL,70.3626666667,-2.86255555556
SN1999em,51523.31,14.89,0.011,70.3626666667,-2.86255555556
SN1999em,51518.75,14.68,NULL,70.3626666667,-2.86255555556
SN1999em,51521.68,14.8,NULL,70.3626666667,-2.86255555556
SN1999em,51511.4,14.820,0.009,70.3626666667,-2.86255555556
SN1999em,51629.24,18.1,NULL,70.3626666667,-2.86255555556
SN1999em,51637.24,17.98,NULL,70.3626666667,-2.86255555556
SN1999em,51527.53,14.71,NULL,70.3626666667,-2.86255555556
SN1999em,51548.01,15.33,NULL,70.3626666667,-2.86255555556
SN1999em,51526.3,14.936,0.01,70.3626666667,-2.86255555556
SN1999em,51531.26,15.19,NULL,70.3626666667,-2.86255555556
SN1999em,51581.15,15.782,0.018,70.3626666667,-2.86255555556
SN1999em,51578.1,16.034,0.010,70.3626666667,-2.86255555556
SN1999em,51546.34,15.32,NULL,70.3626666667,-2.86255555556
SN1999em,51502.2,14.517,0.014,70.3626666667,-2.86255555556
SN1999em,51607.24,17.77,NULL,70.3626666667,-2.86255555556
SN1999em,51522.2,15.14,NULL,70.3626666667,-2.86255555556
SN1999em,51571.51,15.36,NULL,70.3626666667,-2.86255555556
SN1999em,51487.41,13.804,0.01,70.3626666667,-2.86255555556
SN1999em,51518.44,14.94,NULL,70.3626666667,-2.86255555556
SN1999em,51487.44,13.92,NULL,70.3626666667,-2.86255555556
SN1999em,51510.44,14.79,NULL,70.3626666667,-2.86255555556
SN1999em,51541.21,15.28,NULL,70.3626666667,-2.86255555556
SN1999em,51485.12,13.85,NULL,70.3626666667,-2.86255555556
SN1999em,51481.39,13.704,0.01,70.3626666667,-2.86255555556
SN1999em,51489.3,14.014,0.014,70.3626666667,-2.86255555556
SN1999em,51486.3,13.891,0.014,70.3626666667,-2.86255555556
SN1999em,51614.14,17.99,NULL,70.3626666667,-2.86255555556
SN1999em,51481.3,13.852,0.010,70.3626666667,-2.86255555556
SN1999em,51581.24,15.87,NULL,70.3626666667,-2.86255555556
SN1999em,51501.35,14.349,0.01,70.3626666667,-2.86255555556
SN1999em,51538.09,15.2,NULL,70.3626666667,-2.86255555556
SN1999em,51556.1,15.488,0.014,70.3626666667,-2.86255555556
SN1999em,51484.4,13.87,NULL,70.3626666667,-2.86255555556
SN1999em,51484.3,13.830,0.010,70.3626666667,-2.86255555556
SN1999em,51493.35,13.965,0.01,70.3626666667,-2.86255555556
SN1999em,51546.25,15.181,0.017,70.3626666667,-2.86255555556
SN1999em,51985.03,20.69,NULL,70.3626666667,-2.86255555556
SN1999em,51576.18,15.643,0.012,70.3626666667,-2.86255555556
SN1999em,51536.35,15.08,0.01,70.3626666667,-2.86255555556
SN1999em,51517.3,14.93,NULL,70.3626666667,-2.86255555556
SN1999em,51510.53,14.56,NULL,70.3626666667,-2.86255555556
SN1999em,51541.32,15.155,0.014,70.3626666667,-2.86255555556
SN1999em,51541.34,15.27,NULL,70.3626666667,-2.86255555556
SN1999em,51514.44,14.87,NULL,70.3626666667,-2.86255555556
SN1999em,51522.20,15.1420,0.0150,70.3626666667,-2.86255555556
SN1999em,51495.2,14.177,0.014,70.3626666667,-2.86255555556
SN1999em,51538.1,15.301,0.014,70.3626666667,-2.86255555556
SN1999em,51495.6,14.03,NULL,70.3626666667,-2.86255555556
SN1999em,51941.15,20.24,NULL,70.3626666667,-2.86255555556
SN1999em,51525.01,15.06,NULL,70.3626666667,-2.86255555556
SN1999em,51530.27,14.995,0.01,70.3626666667,-2.86255555556
SN1999em,51530.23,15.11,NULL,70.3626666667,-2.86255555556
SN1999em,51499.3,14.422,0.014,70.3626666667,-2.86255555556
SN1999em,51498.3,14.395,0.014,70.3626666667,-2.86255555556
SN1999em,51578.13,16.06,NULL,70.3626666667,-2.86255555556
SN1999em,51526.34,15.04,NULL,70.3626666667,-2.86255555556
SN1999em,51515.59,14.54,NULL,70.3626666667,-2.86255555556
SN1999em,51482.44,13.8,NULL,70.3626666667,-2.86255555556
SN1999em,51486.12,13.9,NULL,70.3626666667,-2.86255555556
SN1999em,51482.43,13.677,0.01,70.3626666667,-2.86255555556
SN1999em,51493.44,14.09,NULL,70.3626666667,-2.86255555556
SN1999em,51506.3,14.685,0.014,70.3626666667,-2.86255555556
SN1999em,51574.94,15.81,NULL,70.3626666667,-2.86255555556
SN1999em,51511.51,14.5,NULL,70.3626666667,-2.86255555556
SN1999em,51501.44,14.47,NULL,70.3626666667,-2.86255555556
SN1999em,51504.2,14.594,0.014,70.3626666667,-2.86255555556
SN1999em,51514.52,14.54,NULL,70.3626666667,-2.86255555556
SN1999em,51490.3,14.001,0.014,70.3626666667,-2.86255555556
SN1999em,51522.51,14.61,NULL,70.3626666667,-2.86255555556
SN1999em,51634.15,18.152,0.132,70.3626666667,-2.86255555556
SN1999em,51590.03,16.29,NULL,70.3626666667,-2.86255555556
SN1999em,51487.3,13.925,0.014,70.3626666667,-2.86255555556
SN1999em,51514.37,14.743,0.01,70.3626666667,-2.86255555556
SN1999em,51530.34,15.09,NULL,70.3626666667,-2.86255555556
SN1999em,51487.6,13.7,NULL,70.3626666667,-2.86255555556
SN1999em,51665.47,18.6,NULL,70.3626666667,-2.86255555556
SN1999em,51787.24,19.13,NULL,70.3626666667,-2.86255555556
SN1999em,51666.0,18.431,0.020,70.3626666667,-2.86255555556
SN1999em,51491.44,14.02,NULL,70.3626666667,-2.86255555556
SN1999em,51527.07,15.07,NULL,70.3626666667,-2.86255555556
SN1999em,51485.3,13.862,0.014,70.3626666667,-2.86255555556
SN1999em,51495.44,14.2,NULL,70.3626666667,-2.86255555556
SN1999em,51624.14,18.06,NULL,70.3626666667,-2.86255555556
SN1999em,51488.44,13.95,NULL,70.3626666667,-2.86255555556
SN1999em,51486.67,13.85,NULL,70.3626666667,-2.86255555556
SN1999em,51499.31,14.4140,0.0150,70.3626666667,-2.86255555556
SN1999em,51483.2,13.813,0.014,70.3626666667,-2.86255555556
SN1999em,51492.3,14.051,0.014,70.3626666667,-2.86255555556
SN1999em,51518.35,14.828,0.01,70.3626666667,-2.86255555556
SN1999em,51484.37,13.684,0.01,70.3626666667,-2.86255555556
SN1999em,51501.54,14.27,NULL,70.3626666667,-2.86255555556
SN1999em,51498.44,14.34,NULL,70.3626666667,-2.86255555556
SN1999em,51498.1,14.333,0.014,70.3626666667,-2.86255555556
SN1999em,51481.44,13.87,NULL,70.3626666667,-2.86255555556
SN1999em,51563.45,15.27,NULL,70.3626666667,-2.86255555556
SN1999em,51546.0,15.402,0.014,70.3626666667,-2.86255555556
SN1999em,51489.44,13.99,NULL,70.3626666667,-2.86255555556
SN1999em,51489.41,13.841,0.01,70.3626666667,-2.86255555556
SN1999em,51500.54,14.32,NULL,70.3626666667,-2.86255555556
SN1999em,51570.24,15.63,NULL,70.3626666667,-2.86255555556
SN1999em,51484.44,13.82,NULL,70.3626666667,-2.86255555556
SN1999em,51487.07,13.9,NULL,70.3626666667,-2.86255555556
SN1999em,51509.4,14.798,0.014,70.3626666667,-2.86255555556
SN1999em,51501.2,14.476,0.014,70.3626666667,-2.86255555556
SN1999em,51503.55,14.44,NULL,70.3626666667,-2.86255555556
SN1999em,51551.1,15.433,0.014,70.3626666667,-2.86255555556
SN1999em,51523.04,15.01,NULL,70.3626666667,-2.86255555556
SN1999em,51607.15,17.785,0.081,70.3626666667,-2.86255555556
SN1999em,51485.31,13.89,NULL,70.3626666667,-2.86255555556
SN1999em,51498.39,14.202,0.01,70.3626666667,-2.86255555556
SN1999em,51570.22,15.544,0.022,70.3626666667,-2.86255555556
SN1999em,51619.14,17.97,NULL,70.3626666667,-2.86255555556
SN1999em,51527.28,14.971,0.01,70.3626666667,-2.86255555556
SN1999em,51629.14,18.005,0.097,70.3626666667,-2.86255555556
SN1999em,51483.44,13.8,NULL,70.3626666667,-2.86255555556
SN1999em,51483.43,13.675,0.01,70.3626666667,-2.86255555556
SN1999em,51483.42,13.82,NULL,70.3626666667,-2.86255555556
SN1999em,51635.54,18.37,NULL,70.3626666667,-2.86255555556
SN1999em,51636.0,18.318,0.013,70.3626666667,-2.86255555556
SN1999em,51812.54,18.79,NULL,70.3626666667,-2.86255555556
SN1999em,51520.33,14.876,0.01,70.3626666667,-2.86255555556
SN1999em,51520.34,14.97,NULL,70.3626666667,-2.86255555556
SN1999em,51540.0,15.329,0.014,70.3626666667,-2.86255555556
SN1999em,51508.44,14.73,NULL,70.3626666667,-2.86255555556
SN1999em,51498.28,14.36,NULL,70.3626666667,-2.86255555556
