SN2009ip,56190.75,18.50,0.17,335.784583333,-28.9477777778
SN2009ip,56221.91,14.51,0.02,335.784583333,-28.9477777778
SN2009ip,56388.41,19.95,0.10,335.784583333,-28.9477777778
SN2009ip,56446.69,20.55,0.05,335.784583333,-28.9477777778
SN2009ip,56205.5167,13.745,0.044,335.784583333,-28.9477777778
SN2009ip,56260.3318,17.224,0.074,335.784583333,-28.9477777778
SN2009ip,56244.4285,16.505,0.066,335.784583333,-28.9477777778
SN2009ip,56782.37,21.61,0.61,335.784583333,-28.9477777778
SN2009ip,56272.2551,18.507,0.129,335.784583333,-28.9477777778
SN2009ip,56167.333,17.38,0.11,335.784583333,-28.9477777778
SN2009ip,56246.9073,16.473,0.067,335.784583333,-28.9477777778
SN2009ip,56252.13,16.76,0.03,335.784583333,-28.9477777778
SN2009ip,56221.18,14.51,0.01,335.784583333,-28.9477777778
SN2009ip,56194.08,18.14,0.06,335.784583333,-28.9477777778
SN2009ip,56282.09,19.22,0.09,335.784583333,-28.9477777778
SN2009ip,56252.16,16.77,0.01,335.784583333,-28.9477777778
SN2009ip,56924.02,21.79,0.13,335.784583333,-28.9477777778
SN2009ip,56210.0613,13.899,0.041,335.784583333,-28.9477777778
SN2009ip,56274.62,18.86,0.33,335.784583333,-28.9477777778
SN2009ip,56224.99,14.66,0.03,335.784583333,-28.9477777778
SN2009ip,56218.8265,14.313,0.043,335.784583333,-28.9477777778
SN2009ip,56210.06,13.92,0.05,335.784583333,-28.9477777778
SN2009ip,56230.87,15.57,0.05,335.784583333,-28.9477777778
SN2009ip,56240.55,15.74,0.05,335.784583333,-28.9477777778
SN2009ip,56288.9139,19.712,NULL,335.784583333,-28.9477777778
SN2009ip,56265.06,17.31,0.06,335.784583333,-28.9477777778
SN2009ip,56274.5547,19.200,0.217,335.784583333,-28.9477777778
SN2009ip,56266.1423,17.583,0.082,335.784583333,-28.9477777778
SN2009ip,56209.93,13.91,0.02,335.784583333,-28.9477777778
SN2009ip,56214.1358,13.964,0.041,335.784583333,-28.9477777778
SN2009ip,56231.03,15.49,0.03,335.784583333,-28.9477777778
SN2009ip,56238.0812,15.366,0.054,335.784583333,-28.9477777778
SN2009ip,56216.21,14.14,0.05,335.784583333,-28.9477777778
SN2009ip,55100.89,20.41,0.11,335.784583333,-28.9477777778
SN2009ip,56216.23,14.11,0.02,335.784583333,-28.9477777778
SN2009ip,56503.70,20.91,0.11,335.784583333,-28.9477777778
SN2009ip,56246.17,16.29,0.03,335.784583333,-28.9477777778
SN2009ip,56257.17,17.04,0.07,335.784583333,-28.9477777778
SN2009ip,56561.95,20.77,0.08,335.784583333,-28.9477777778
SN2009ip,56521.59,20.88,0.09,335.784583333,-28.9477777778
SN2009ip,56256.6622,17.037,0.071,335.784583333,-28.9477777778
SN2009ip,56171.10,16.92,0.03,335.784583333,-28.9477777778
SN2009ip,56254.0855,16.881,0.067,335.784583333,-28.9477777778
SN2009ip,56239.14,15.56,0.01,335.784583333,-28.9477777778
SN2009ip,56215.24,14.01,0.01,335.784583333,-28.9477777778
SN2009ip,56242.80,16.09,0.02,335.784583333,-28.9477777778
SN2009ip,56183.44,17.73,0.08,335.784583333,-28.9477777778
SN2009ip,56174.90,17.29,0.04,335.784583333,-28.9477777778
SN2009ip,56275.07,19.03,0.06,335.784583333,-28.9477777778
SN2009ip,56194.194,17.84,0.12,335.784583333,-28.9477777778
SN2009ip,56500.70,20.67,0.07,335.784583333,-28.9477777778
SN2009ip,56198.04,14.40,0.05,335.784583333,-28.9477777778
SN2009ip,56165.09,16.88,0.01,335.784583333,-28.9477777778
SN2009ip,56265.11,17.37,0.08,335.784583333,-28.9477777778
SN2009ip,56198.4747,14.255,0.042,335.784583333,-28.9477777778
SN2009ip,56581.18,20.86,0.13,335.784583333,-28.9477777778
SN2009ip,56208.67,13.84,0.05,335.784583333,-28.9477777778
SN2009ip,56212.20,13.91,0.05,335.784583333,-28.9477777778
SN2009ip,56512.02,20.67,0.09,335.784583333,-28.9477777778
SN2009ip,56198.30,14.32,0.03,335.784583333,-28.9477777778
SN2009ip,56228.7066,15.226,0.051,335.784583333,-28.9477777778
SN2009ip,56268.6575,18.151,0.103,335.784583333,-28.9477777778
SN2009ip,56254.58,16.87,0.07,335.784583333,-28.9477777778
SN2009ip,56176.6355,17.266,0.080,335.784583333,-28.9477777778
SN2009ip,56240.0532,15.758,0.061,335.784583333,-28.9477777778
SN2009ip,56236.71,15.17,0.06,335.784583333,-28.9477777778
SN2009ip,56224.87,14.74,0.01,335.784583333,-28.9477777778
SN2009ip,56204.0535,13.844,0.041,335.784583333,-28.9477777778
SN2009ip,56272.08,18.34,0.04,335.784583333,-28.9477777778
SN2009ip,56248.54,16.43,0.06,335.784583333,-28.9477777778
SN2009ip,56264.08,17.22,0.04,335.784583333,-28.9477777778
SN2009ip,56202.2547,13.942,0.041,335.784583333,-28.9477777778
SN2009ip,56262.70,17.18,0.07,335.784583333,-28.9477777778
SN2009ip,56531.10,20.88,0.06,335.784583333,-28.9477777778
SN2009ip,56292.4565,19.457,0.300,335.784583333,-28.9477777778
SN2009ip,56232.8532,15.305,0.052,335.784583333,-28.9477777778
SN2009ip,56175.313,17.2,0.14,335.784583333,-28.9477777778
SN2009ip,56236.09,15.21,0.01,335.784583333,-28.9477777778
SN2009ip,56260.83,17.19,0.07,335.784583333,-28.9477777778
SN2009ip,56188.281,18.19,0.17,335.784583333,-28.9477777778
SN2009ip,56233.35,15.39,0.06,335.784583333,-28.9477777778
SN2009ip,56569.05,20.99,0.06,335.784583333,-28.9477777778
SN2009ip,56174.8994,17.329,0.064,335.784583333,-28.9477777778
SN2009ip,56192.7610,18.207,0.075,335.784583333,-28.9477777778
SN2009ip,56278.3959,19.413,NULL,335.784583333,-28.9477777778
SN2009ip,56206.90,13.80,0.02,335.784583333,-28.9477777778
SN2009ip,56282.1432,19.027,0.172,335.784583333,-28.9477777778
SN2009ip,56203.06,13.96,0.04,335.784583333,-28.9477777778
SN2009ip,56276.2255,19.332,0.231,335.784583333,-28.9477777778
SN2009ip,56509.20,20.71,0.06,335.784583333,-28.9477777778
SN2009ip,56210.27,13.93,0.01,335.784583333,-28.9477777778
SN2009ip,56222.92,14.68,0.02,335.784583333,-28.9477777778
SN2009ip,56216.02,14.09,0.01,335.784583333,-28.9477777778
SN2009ip,56253.08,16.82,0.08,335.784583333,-28.9477777778
SN2009ip,56199.93,14.09,0.02,335.784583333,-28.9477777778
SN2009ip,56521.9889,19.722,NULL,335.784583333,-28.9477777778
SN2009ip,56204.02,13.95,0.05,335.784583333,-28.9477777778
SN2009ip,56204.05,13.86,0.04,335.784583333,-28.9477777778
SN2009ip,56220.89,14.45,0.06,335.784583333,-28.9477777778
SN2009ip,56212.1981,13.895,0.041,335.784583333,-28.9477777778
SN2009ip,56214.13,13.98,0.05,335.784583333,-28.9477777778
SN2009ip,56178.305,17.15,0.15,335.784583333,-28.9477777778
SN2009ip,56242.79,16.14,0.06,335.784583333,-28.9477777778
SN2009ip,56206.9,13.8,0.02,335.784583333,-28.9477777778
SN2009ip,56250.54,16.59,0.07,335.784583333,-28.9477777778
SN2009ip,56183.4375,17.673,0.088,335.784583333,-28.9477777778
SN2009ip,56207.215,13.83,0.1,335.784583333,-28.9477777778
SN2009ip,56499.11,20.83,0.23,335.784583333,-28.9477777778
SN2009ip,56219.32,14.37,0.05,335.784583333,-28.9477777778
SN2009ip,56262.2015,17.145,0.071,335.784583333,-28.9477777778
SN2009ip,56206.1240,13.738,0.041,335.784583333,-28.9477777778
SN2009ip,56264.82,17.14,0.07,335.784583333,-28.9477777778
SN2009ip,56196.23,14.78,0.04,335.784583333,-28.9477777778
SN2009ip,56198.3,14.32,0.03,335.784583333,-28.9477777778
SN2009ip,56196.3397,14.747,0.043,335.784583333,-28.9477777778
SN2009ip,56199.6505,14.096,0.041,335.784583333,-28.9477777778
SN2009ip,55126.1,20.91,0.03,335.784583333,-28.9477777778
SN2009ip,56157.26,17.24,0.1,335.784583333,-28.9477777778
SN2009ip,56885.12,21.92,0.08,335.784583333,-28.9477777778
SN2009ip,56238.55,15.40,0.04,335.784583333,-28.9477777778
SN2009ip,55159.1,21.75,0.06,335.784583333,-28.9477777778
SN2009ip,56249.08,16.43,0.03,335.784583333,-28.9477777778
SN2009ip,56199.65,14.11,0.04,335.784583333,-28.9477777778
SN2009ip,56190.7534,18.513,0.176,335.784583333,-28.9477777778
SN2009ip,56485.81,20.73,0.04,335.784583333,-28.9477777778
SN2009ip,56201.9851,13.978,0.041,335.784583333,-28.9477777778
SN2009ip,56203.208,13.73,0.09,335.784583333,-28.9477777778
SN2009ip,56284.2396,19.133,0.164,335.784583333,-28.9477777778
SN2009ip,56619.87,21.24,0.09,335.784583333,-28.9477777778
SN2009ip,56243.04,16.13,0.04,335.784583333,-28.9477777778
SN2009ip,56197.7032,14.366,0.042,335.784583333,-28.9477777778
SN2009ip,56256.14,16.95,0.05,335.784583333,-28.9477777778
SN2009ip,56198.92,14.2,0.02,335.784583333,-28.9477777778
SN2009ip,56252.5869,16.846,0.073,335.784583333,-28.9477777778
SN2009ip,56264.6047,17.362,0.078,335.784583333,-28.9477777778
SN2009ip,56211.89,13.96,0.02,335.784583333,-28.9477777778
SN2009ip,56290.2559,19.539,0.293,335.784583333,-28.9477777778
SN2009ip,56203.0600,13.948,0.041,335.784583333,-28.9477777778
SN2009ip,56276.73,19.30,0.22,335.784583333,-28.9477777778
SN2009ip,56519.13,20.82,0.04,335.784583333,-28.9477777778
SN2009ip,56199.15,14.28,0.02,335.784583333,-28.9477777778
SN2009ip,56201.94,13.97,0.02,335.784583333,-28.9477777778
SN2009ip,56590.14,21.07,0.10,335.784583333,-28.9477777778
SN2009ip,56270.85,18.31,0.14,335.784583333,-28.9477777778
SN2009ip,56201.99,13.99,0.04,335.784583333,-28.9477777778
SN2009ip,55475.2,21.66,0.02,335.784583333,-28.9477777778
SN2009ip,56389.7913,19.030,NULL,335.784583333,-28.9477777778
SN2009ip,56250.0418,16.729,0.073,335.784583333,-28.9477777778
SN2009ip,56210.15,13.95,0.03,335.784583333,-28.9477777778
SN2009ip,56176.06,17.34,0.06,335.784583333,-28.9477777778
SN2009ip,56547.20,20.75,0.05,335.784583333,-28.9477777778
SN2009ip,56204.51,13.80,0.12,335.784583333,-28.9477777778
SN2009ip,56259.03,17.19,0.08,335.784583333,-28.9477777778
SN2009ip,56234.98,15.22,0.05,335.784583333,-28.9477777778
SN2009ip,56222.78,14.61,0.05,335.784583333,-28.9477777778
SN2009ip,56166.15,17.02,0.01,335.784583333,-28.9477777778
SN2009ip,56627.05,21.19,0.06,335.784583333,-28.9477777778
SN2009ip,56270.3476,18.116,0.111,335.784583333,-28.9477777778
SN2009ip,56230.3703,15.469,0.055,335.784583333,-28.9477777778
SN2009ip,55084.6769,20.850,NULL,335.784583333,-28.9477777778
SN2009ip,56975.06,21.99,0.09,335.784583333,-28.9477777778
SN2009ip,56205.52,13.77,0.10,335.784583333,-28.9477777778
SN2009ip,56197.70,14.40,0.04,335.784583333,-28.9477777778
SN2009ip,56244.92,16.24,0.06,335.784583333,-28.9477777778
SN2009ip,56213.88,13.96,0.02,335.784583333,-28.9477777778
SN2009ip,56200.99,13.94,0.04,335.784583333,-28.9477777778
SN2009ip,56770.36,21.62,0.10,335.784583333,-28.9477777778
SN2009ip,56201.03,14.02,0.04,335.784583333,-28.9477777778
SN2009ip,56286.0762,19.660,0.330,335.784583333,-28.9477777778
SN2009ip,56247.41,16.41,0.05,335.784583333,-28.9477777778
SN2009ip,56171.1,16.92,0.03,335.784583333,-28.9477777778
SN2009ip,56229.21,15.23,0.06,335.784583333,-28.9477777778
SN2009ip,56170.04,17.02,0.01,335.784583333,-28.9477777778
SN2009ip,56192.76,18.24,0.06,335.784583333,-28.9477777778
SN2009ip,56172.12,17.02,0.08,335.784583333,-28.9477777778
SN2009ip,56280.3043,19.359,0.184,335.784583333,-28.9477777778
SN2009ip,56211.222,13.89,0.14,335.784583333,-28.9477777778
SN2009ip,56218.01,14.40,0.02,335.784583333,-28.9477777778
SN2009ip,56226.73,14.92,0.05,335.784583333,-28.9477777778
SN2009ip,56193.09,18.22,0.07,335.784583333,-28.9477777778
SN2009ip,56216.77,14.28,0.05,335.784583333,-28.9477777778
SN2009ip,56244.04,16.17,0.02,335.784583333,-28.9477777778
SN2009ip,56261.15,17.06,0.04,335.784583333,-28.9477777778
SN2009ip,56216.71,14.16,0.05,335.784583333,-28.9477777778
SN2009ip,56204.5146,13.787,0.045,335.784583333,-28.9477777778
SN2009ip,56220.5476,14.413,0.044,335.784583333,-28.9477777778
SN2009ip,56223.25,14.59,0.02,335.784583333,-28.9477777778
SN2009ip,56225.02,14.79,0.02,335.784583333,-28.9477777778
SN2009ip,56216.2720,14.166,0.045,335.784583333,-28.9477777778
SN2009ip,56650.05,21.25,0.07,335.784583333,-28.9477777778
SN2009ip,56237.07,15.32,0.03,335.784583333,-28.9477777778
SN2009ip,56248.0433,16.356,0.066,335.784583333,-28.9477777778
SN2009ip,56516.3057,19.226,NULL,335.784583333,-28.9477777778
SN2009ip,56269.16,18.16,0.11,335.784583333,-28.9477777778
SN2009ip,56209.04,13.87,0.02,335.784583333,-28.9477777778
SN2009ip,56226.2292,14.887,0.047,335.784583333,-28.9477777778
SN2009ip,56244.82,16.30,0.06,335.784583333,-28.9477777778
SN2009ip,56534.01,20.96,0.12,335.784583333,-28.9477777778
SN2009ip,56242.04,15.99,0.05,335.784583333,-28.9477777778
SN2009ip,56294.4646,19.757,0.273,335.784583333,-28.9477777778
SN2009ip,56272.76,18.52,0.14,335.784583333,-28.9477777778
SN2009ip,56225.88,14.86,0.02,335.784583333,-28.9477777778
SN2009ip,56199.257,14.2,0.08,335.784583333,-28.9477777778
SN2009ip,56515.62,20.78,0.08,335.784583333,-28.9477777778
SN2009ip,56208.6691,13.824,0.041,335.784583333,-28.9477777778
SN2009ip,56200.9851,13.928,0.041,335.784583333,-28.9477777778
SN2009ip,56258.5271,17.195,0.075,335.784583333,-28.9477777778
SN2009ip,55499.06,20.57,0.02,335.784583333,-28.9477777778
SN2009ip,56176.64,17.33,0.07,335.784583333,-28.9477777778
SN2009ip,56206.12,13.75,0.05,335.784583333,-28.9477777778
SN2009ip,56266.65,17.68,0.09,335.784583333,-28.9477777778
SN2009ip,55098.92,19.64,0.03,335.784583333,-28.9477777778
SN2009ip,56229.05,15.42,0.05,335.784583333,-28.9477777778
SN2009ip,56224.4881,14.652,0.046,335.784583333,-28.9477777778
SN2009ip,56437.78,20.48,0.09,335.784583333,-28.9477777778
SN2009ip,56175.07,17.31,0.06,335.784583333,-28.9477777778
SN2009ip,56461.82,20.34,0.05,335.784583333,-28.9477777778
SN2009ip,56501.34,20.68,0.08,335.784583333,-28.9477777778
SN2009ip,56180.293,17.22,0.15,335.784583333,-28.9477777778
SN2009ip,56622.82,21.25,0.13,335.784583333,-28.9477777778
SN2009ip,56238.03,15.37,0.04,335.784583333,-28.9477777778
SN2009ip,56520.07,20.88,0.12,335.784583333,-28.9477777778
SN2009ip,56278.05,19.16,0.10,335.784583333,-28.9477777778
SN2009ip,56221.04,14.47,0.05,335.784583333,-28.9477777778
SN2009ip,56242.2902,16.089,0.062,335.784583333,-28.9477777778
SN2009ip,56222.2842,14.538,0.045,335.784583333,-28.9477777778
SN2009ip,56191.256,18.02,0.21,335.784583333,-28.9477777778
SN2009ip,56192.96,18.23,0.04,335.784583333,-28.9477777778
SN2009ip,56929.21,21.94,0.10,335.784583333,-28.9477777778
SN2009ip,56239.02,15.56,0.02,335.784583333,-28.9477777778
SN2009ip,56509.79,20.70,0.05,335.784583333,-28.9477777778
SN2009ip,56202.26,13.95,0.04,335.784583333,-28.9477777778
SN2009ip,56147.23,18.51,0.01,335.784583333,-28.9477777778
SN2009ip,56234.2120,15.128,0.051,335.784583333,-28.9477777778
SN2009ip,57014.06,22.00,0.07,335.784583333,-28.9477777778
