SN2000cx,51849.36,17.73000,0.14500,21.1924583333,9.50869444444
SN2000cx,51849.37,17.85,NULL,21.1924583333,9.50869444444
SN2000cx,51868.20,18.018,0.030,21.1924583333,9.50869444444
SN2000cx,51792.3,16.5,NULL,21.1924583333,9.50869444444
SN2000cx,51810.35,16.89,NULL,21.1924583333,9.50869444444
SN2000cx,51770.42,14.72,NULL,21.1924583333,9.50869444444
SN2000cx,51861.31,17.81600,0.06100,21.1924583333,9.50869444444
SN2000cx,51746.49,13.79,NULL,21.1924583333,9.50869444444
SN2000cx,51840.37,17.49,NULL,21.1924583333,9.50869444444
SN2000cx,51865.2,17.9,NULL,21.1924583333,9.50869444444
SN2000cx,51836.31,17.31200,0.02400,21.1924583333,9.50869444444
SN2000cx,51836.32,17.37,NULL,21.1924583333,9.50869444444
SN2000cx,51873.2,18.06,NULL,21.1924583333,9.50869444444
SN2000cx,51809.95,16.8800,0.0300,21.1924583333,9.50869444444
SN2000cx,51792.29,16.43100,0.01300,21.1924583333,9.50869444444
SN2000cx,51845.77,17.5400,0.0400,21.1924583333,9.50869444444
SN2000cx,51810.45,16.93,NULL,21.1924583333,9.50869444444
SN2000cx,51843.14,17.54,NULL,21.1924583333,9.50869444444
SN2000cx,51794.98,16.6200,0.0300,21.1924583333,9.50869444444
SN2000cx,51745.5,13.95,NULL,21.1924583333,9.50869444444
SN2000cx,51873.20,18.0600,0.0500,21.1924583333,9.50869444444
SN2000cx,51889.15,18.36,NULL,21.1924583333,9.50869444444
SN2000cx,51754.98,13.4900,0.0400,21.1924583333,9.50869444444
SN2000cx,52198.7,22.5,NULL,21.1924583333,9.50869444444
SN2000cx,51906.14,18.604,0.026,21.1924583333,9.50869444444
SN2000cx,51805.36,16.78,NULL,21.1924583333,9.50869444444
SN2000cx,51845.38,17.6,NULL,21.1924583333,9.50869444444
SN2000cx,52232.0,23,NULL,21.1924583333,9.50869444444
SN2000cx,51760.4,13.83,NULL,21.1924583333,9.50869444444
SN2000cx,51749.45,13.48,NULL,21.1924583333,9.50869444444
SN2000cx,51836.3,17.42,NULL,21.1924583333,9.50869444444
SN2000cx,51845.37,17.54600,0.11000,21.1924583333,9.50869444444
SN2000cx,51747.03,13.8,NULL,21.1924583333,9.50869444444
SN2000cx,51791.25,16.49,NULL,21.1924583333,9.50869444444
SN2000cx,51760.31,13.81,NULL,21.1924583333,9.50869444444
SN2000cx,51796.36,16.59,NULL,21.1924583333,9.50869444444
SN2000cx,51796.35,16.52900,0.01700,21.1924583333,9.50869444444
SN2000cx,51785.44,16.19600,0.04500,21.1924583333,9.50869444444
SN2000cx,51794.4,16.56,NULL,21.1924583333,9.50869444444
SN2000cx,51865.29,18,NULL,21.1924583333,9.50869444444
SN2000cx,51757.44,13.64,NULL,21.1924583333,9.50869444444
SN2000cx,51754.06,13.4400,0.0300,21.1924583333,9.50869444444
SN2000cx,51757.46,13.65,NULL,21.1924583333,9.50869444444
SN2000cx,51789.46,16.43,NULL,21.1924583333,9.50869444444
SN2000cx,51802.24,16.74,NULL,21.1924583333,9.50869444444
SN2000cx,51789.45,16.36500,0.04700,21.1924583333,9.50869444444
SN2000cx,51754.46,13.49,NULL,21.1924583333,9.50869444444
SN2000cx,51853.31,17.67400,0.02700,21.1924583333,9.50869444444
SN2000cx,51813.3,16.95,NULL,21.1924583333,9.50869444444
SN2000cx,51933.14,19.025,0.084,21.1924583333,9.50869444444
SN2000cx,51764.44,14.16,NULL,21.1924583333,9.50869444444
SN2000cx,51819.43,17.063,0.021,21.1924583333,9.50869444444
SN2000cx,51764.41,14.16,NULL,21.1924583333,9.50869444444
SN2000cx,51868.2,18.02,NULL,21.1924583333,9.50869444444
SN2000cx,51751.35,13.44,NULL,21.1924583333,9.50869444444
SN2000cx,51750.45,13.45,NULL,21.1924583333,9.50869444444
SN2000cx,51753.03,13.4200,0.0200,21.1924583333,9.50869444444
SN2000cx,51827.22,17.23,NULL,21.1924583333,9.50869444444
SN2000cx,51834.15,17.36,NULL,21.1924583333,9.50869444444
SN2000cx,51775.27,15.26,NULL,21.1924583333,9.50869444444
SN2000cx,51875.20,18.111,0.027,21.1924583333,9.50869444444
SN2000cx,51753.4,13.44,NULL,21.1924583333,9.50869444444
SN2000cx,51814.26,16.971,0.016,21.1924583333,9.50869444444
SN2000cx,51758.44,13.7,NULL,21.1924583333,9.50869444444
SN2000cx,51758.45,13.66300,0.01000,21.1924583333,9.50869444444
SN2000cx,51758.46,13.73,NULL,21.1924583333,9.50869444444
SN2000cx,51861.32,17.85,NULL,21.1924583333,9.50869444444
SN2000cx,51744.42,14.18,NULL,21.1924583333,9.50869444444
SN2000cx,51762.01,13.9400,0.0200,21.1924583333,9.50869444444
SN2000cx,52253.1,23.31,NULL,21.1924583333,9.50869444444
SN2000cx,51757.34,13.64,NULL,21.1924583333,9.50869444444
SN2000cx,51792.30,16.5000,0.0300,21.1924583333,9.50869444444
SN2000cx,51750.38,13.42,NULL,21.1924583333,9.50869444444
SN2000cx,51757.32,13.6,NULL,21.1924583333,9.50869444444
SN2000cx,51778.43,15.64,NULL,21.1924583333,9.50869444444
SN2000cx,51744.4,14.16,NULL,21.1924583333,9.50869444444
SN2000cx,51750.36,13.47,NULL,21.1924583333,9.50869444444
SN2000cx,51805.33,16.78,NULL,21.1924583333,9.50869444444
SN2000cx,51778.42,15.55900,0.01000,21.1924583333,9.50869444444
SN2000cx,51766.44,14.32,NULL,21.1924583333,9.50869444444
SN2000cx,51826.17,17.23,NULL,21.1924583333,9.50869444444
SN2000cx,51766.43,14.26600,0.01000,21.1924583333,9.50869444444
SN2000cx,51752.46,13.44,NULL,21.1924583333,9.50869444444
SN2000cx,51784.2,16.17,NULL,21.1924583333,9.50869444444
SN2000cx,51752.45,13.38900,0.01000,21.1924583333,9.50869444444
SN2000cx,51817.4,17.03,NULL,21.1924583333,9.50869444444
SN2000cx,51743.46,14.36200,0.01000,21.1924583333,9.50869444444
SN2000cx,51743.47,14.41,NULL,21.1924583333,9.50869444444
SN2000cx,51781.27,15.96,NULL,21.1924583333,9.50869444444
SN2000cx,51818.77,17.1200,0.0600,21.1924583333,9.50869444444
SN2000cx,51836.82,17.4200,0.0500,21.1924583333,9.50869444444
SN2000cx,51794.40,16.5600,0.0300,21.1924583333,9.50869444444
SN2000cx,51760.49,13.84,NULL,21.1924583333,9.50869444444
SN2000cx,51905.08,18.73,NULL,21.1924583333,9.50869444444
SN2000cx,51794.45,16.555,0.018,21.1924583333,9.50869444444
SN2000cx,51808.94,16.8700,0.0300,21.1924583333,9.50869444444
SN2000cx,51776.41,15.42,NULL,21.1924583333,9.50869444444
SN2000cx,51813.30,16.9500,0.0300,21.1924583333,9.50869444444
SN2000cx,51853.32,17.73,NULL,21.1924583333,9.50869444444
SN2000cx,51783.93,16.14,NULL,21.1924583333,9.50869444444
SN2000cx,51745.43,13.97,NULL,21.1924583333,9.50869444444
SN2000cx,51844.77,17.5300,0.0400,21.1924583333,9.50869444444
SN2000cx,51766.33,14.3,NULL,21.1924583333,9.50869444444
SN2000cx,51800.46,16.68,NULL,21.1924583333,9.50869444444
SN2000cx,51745.49,13.90900,0.01000,21.1924583333,9.50869444444
SN2000cx,51769.34,14.6,NULL,21.1924583333,9.50869444444
SN2000cx,51749.34,13.52,NULL,21.1924583333,9.50869444444
SN2000cx,51769.38,14.63,NULL,21.1924583333,9.50869444444
SN2000cx,51782.5,16.09,NULL,21.1924583333,9.50869444444
SN2000cx,51810.84,16.9300,0.0300,21.1924583333,9.50869444444
SN2000cx,51759.94,13.8100,0.0200,21.1924583333,9.50869444444
SN2000cx,51875.2,18.11,NULL,21.1924583333,9.50869444444
SN2000cx,51914.13,18.65800,0.50100,21.1924583333,9.50869444444
SN2000cx,51821.37,17.02800,0.02400,21.1924583333,9.50869444444
SN2000cx,51821.38,17.08,NULL,21.1924583333,9.50869444444
SN2000cx,51751.47,13.422,0.021,21.1924583333,9.50869444444
SN2000cx,51768.48,14.54,NULL,21.1924583333,9.50869444444
SN2000cx,52110.9,21.27,NULL,21.1924583333,9.50869444444
SN2000cx,51745.50,13.9500,0.0200,21.1924583333,9.50869444444
SN2000cx,51807.33,16.86,NULL,21.1924583333,9.50869444444
SN2000cx,51801.38,16.701,0.039,21.1924583333,9.50869444444
SN2000cx,51759.46,13.77,NULL,21.1924583333,9.50869444444
SN2000cx,51759.43,13.77,NULL,21.1924583333,9.50869444444
SN2000cx,51841.74,17.4700,0.0500,21.1924583333,9.50869444444
SN2000cx,51881.17,18.23,NULL,21.1924583333,9.50869444444
SN2000cx,51825.34,17.18,NULL,21.1924583333,9.50869444444
SN2000cx,51773.95,15.1,NULL,21.1924583333,9.50869444444
SN2000cx,51773.96,15.1100,0.0500,21.1924583333,9.50869444444
SN2000cx,51754.47,13.49,NULL,21.1924583333,9.50869444444
SN2000cx,51784.45,16.17,NULL,21.1924583333,9.50869444444
SN2000cx,51825.33,17.12500,0.03700,21.1924583333,9.50869444444
SN2000cx,51772.24,14.91,NULL,21.1924583333,9.50869444444
SN2000cx,51805.42,16.79,NULL,21.1924583333,9.50869444444
SN2000cx,51805.41,16.73400,0.02000,21.1924583333,9.50869444444
SN2000cx,51822.25,17.07,NULL,21.1924583333,9.50869444444
SN2000cx,51812.36,16.92,NULL,21.1924583333,9.50869444444
SN2000cx,51780.39,15.85,NULL,21.1924583333,9.50869444444
SN2000cx,51812.35,16.91,NULL,21.1924583333,9.50869444444
SN2000cx,51755.37,13.5,NULL,21.1924583333,9.50869444444
SN2000cx,51820.92,17.1200,0.0300,21.1924583333,9.50869444444
SN2000cx,51766.97,14.3600,0.0200,21.1924583333,9.50869444444
SN2000cx,51821.83,17.1500,0.0400,21.1924583333,9.50869444444
SN2000cx,51824.2,17.13,NULL,21.1924583333,9.50869444444
SN2000cx,51809.93,17.1,NULL,21.1924583333,9.50869444444
SN2000cx,51753.45,13.42,NULL,21.1924583333,9.50869444444
SN2000cx,51822.49,17.12,NULL,21.1924583333,9.50869444444
SN2000cx,51753.46,13.46,NULL,21.1924583333,9.50869444444
SN2000cx,52193.3,22.58,NULL,21.1924583333,9.50869444444
SN2000cx,51756.42,13.58,NULL,21.1924583333,9.50869444444
SN2000cx,51756.44,13.53600,0.01000,21.1924583333,9.50869444444
SN2000cx,51817.40,17.0300,0.0400,21.1924583333,9.50869444444
SN2000cx,52164.8,22,NULL,21.1924583333,9.50869444444
SN2000cx,51752.39,13.41,NULL,21.1924583333,9.50869444444
SN2000cx,51752.38,13.44,NULL,21.1924583333,9.50869444444
SN2000cx,51792.49,16.512,0.018,21.1924583333,9.50869444444
SN2000cx,51763.34,14.03,NULL,21.1924583333,9.50869444444
SN2000cx,51825.21,17.16,NULL,21.1924583333,9.50869444444
SN2000cx,51762.49,14.02,NULL,21.1924583333,9.50869444444
SN2000cx,51788.21,16.34,NULL,21.1924583333,9.50869444444
SN2000cx,51793.83,16.5300,0.0500,21.1924583333,9.50869444444
SN2000cx,51744.45,14.12400,0.01000,21.1924583333,9.50869444444
SN2000cx,51783.41,16.02000,0.01000,21.1924583333,9.50869444444
SN2000cx,51783.42,16.1,NULL,21.1924583333,9.50869444444
SN2000cx,51744.46,14.17,NULL,21.1924583333,9.50869444444
SN2000cx,51745.38,13.99,NULL,21.1924583333,9.50869444444
SN2000cx,51745.36,13.96,NULL,21.1924583333,9.50869444444
SN2000cx,51765.46,14.25,NULL,21.1924583333,9.50869444444
SN2000cx,51827.18,17.15,NULL,21.1924583333,9.50869444444
SN2000cx,51791.37,16.40100,0.01300,21.1924583333,9.50869444444
SN2000cx,51778.06,15.6100,0.0300,21.1924583333,9.50869444444
SN2000cx,51761.48,13.86900,0.01000,21.1924583333,9.50869444444
SN2000cx,51791.38,16.48,NULL,21.1924583333,9.50869444444
SN2000cx,51820.2,17.03,NULL,21.1924583333,9.50869444444
SN2000cx,51761.49,13.97,NULL,21.1924583333,9.50869444444
SN2000cx,51866.05,17.86,NULL,21.1924583333,9.50869444444
SN2000cx,51784.27,16.19,NULL,21.1924583333,9.50869444444
SN2000cx,51897.17,18.59,NULL,21.1924583333,9.50869444444
SN2000cx,51878.27,18.19,NULL,21.1924583333,9.50869444444
SN2000cx,51772.42,14.94,NULL,21.1924583333,9.50869444444
SN2000cx,51800.88,16.7600,0.0800,21.1924583333,9.50869444444
SN2000cx,51900.16,18.55,NULL,21.1924583333,9.50869444444
SN2000cx,51832.36,17.31500,0.06600,21.1924583333,9.50869444444
SN2000cx,51832.37,17.35,NULL,21.1924583333,9.50869444444
