SN2011dh,55825.11445,15.928,0.03,202.521272917,47.1697005556
SN2011dh,55790.07708,15.7,0.04,202.521272917,47.1697005556
SN2011dh,55734.4481,13.456,0.041,202.521272917,47.1697005556
SN2011dh,55732.5747,13.388,0.041,202.521272917,47.1697005556
SN2011dh,55837.01319,16.25,0.06,202.521272917,47.1697005556
SN2011dh,55811.05278,15.93,0.05,202.521272917,47.1697005556
SN2011dh,55744.7786,14.813,0.051,202.521272917,47.1697005556
SN2011dh,55718.84,14.54,0.02,202.521272917,47.1697005556
SN2011dh,55778.41667,15.527,0.08,202.521272917,47.1697005556
SN2011dh,55750.76,15.21,0.02,202.521272917,47.1697005556
SN2011dh,55788.4392,15.821,0.065,202.521272917,47.1697005556
SN2011dh,55745.78,14.89,0.02,202.521272917,47.1697005556
SN2011dh,55793.15516,15.634,0.046,202.521272917,47.1697005556
SN2011dh,55775.02639,15.506,0.03,202.521272917,47.1697005556
SN2011dh,55772.17139,15.495,NULL,202.521272917,47.1697005556
SN2011dh,55782.78,15.68,0.03,202.521272917,47.1697005556
SN2011dh,55829.71,16.24,0.03,202.521272917,47.1697005556
SN2011dh,55819.71,16.12,0.02,202.521272917,47.1697005556
SN2011dh,55822.74,16.15,0.02,202.521272917,47.1697005556
SN2011dh,55803.05694,15.8,0.04,202.521272917,47.1697005556
SN2011dh,55740.78,14.28,0.02,202.521272917,47.1697005556
SN2011dh,55790.15348,15.62,0.045,202.521272917,47.1697005556
SN2011dh,55743.83,14.63,0.05,202.521272917,47.1697005556
SN2011dh,55799.06597,15.78,0.04,202.521272917,47.1697005556
SN2011dh,55788.18753,15.589,0.057,202.521272917,47.1697005556
SN2011dh,55836.10618,16.015,0.027,202.521272917,47.1697005556
SN2011dh,55820.03333,15.95,0.04,202.521272917,47.1697005556
SN2011dh,55834.09996,15.992,0.037,202.521272917,47.1697005556
SN2011dh,55796.07778,15.77,0.04,202.521272917,47.1697005556
SN2011dh,55776.91913,15.324,0.049,202.521272917,47.1697005556
SN2011dh,55728.81,13.42,0.02,202.521272917,47.1697005556
SN2011dh,55729.1642,13.434,0.041,202.521272917,47.1697005556
SN2011dh,55725.81,13.55,0.02,202.521272917,47.1697005556
SN2011dh,55803.13569,15.694,0.098,202.521272917,47.1697005556
SN2011dh,55810.72,15.98,0.03,202.521272917,47.1697005556
SN2011dh,55730.82,13.32,0.02,202.521272917,47.1697005556
SN2011dh,55781.10417,15.55,0.04,202.521272917,47.1697005556
SN2011dh,55731.4752,13.375,0.041,202.521272917,47.1697005556
SN2011dh,55733.79,13.42,0.02,202.521272917,47.1697005556
SN2011dh,55734.77,13.48,0.02,202.521272917,47.1697005556
SN2011dh,55809.05,15.86,0.04,202.521272917,47.1697005556
SN2011dh,55796.1556,15.664,0.031,202.521272917,47.1697005556
SN2011dh,55749.79,15.11,0.02,202.521272917,47.1697005556
SN2011dh,55818.71,16.1,0.02,202.521272917,47.1697005556
SN2011dh,55789.07153,15.71,0.04,202.521272917,47.1697005556
SN2011dh,55730.8,13.38,0.02,202.521272917,47.1697005556
SN2011dh,55756.84,15.31,0.04,202.521272917,47.1697005556
SN2011dh,55775.87153,15.12,0.182,202.521272917,47.1697005556
SN2011dh,55798.16072,15.657,0.056,202.521272917,47.1697005556
SN2011dh,55785.13403,15.58,0.04,202.521272917,47.1697005556
SN2011dh,55775.2552,15.691,0.065,202.521272917,47.1697005556
SN2011dh,55737.1229,13.737,0.042,202.521272917,47.1697005556
SN2011dh,55748.8,15.07,0.02,202.521272917,47.1697005556
SN2011dh,55758.3882,15.483,0.062,202.521272917,47.1697005556
SN2011dh,55728.8382,13.437,0.041,202.521272917,47.1697005556
SN2011dh,55817.72,16.06,0.02,202.521272917,47.1697005556
SN2011dh,55828.11513,15.971,0.024,202.521272917,47.1697005556
SN2011dh,55733.87,13.36,0.02,202.521272917,47.1697005556
SN2011dh,55766.0512,15.676,0.065,202.521272917,47.1697005556
SN2011dh,55831.7,16.32,0.04,202.521272917,47.1697005556
SN2011dh,55808.13785,15.74,0.022,202.521272917,47.1697005556
SN2011dh,55788.76,15.69,0.03,202.521272917,47.1697005556
SN2011dh,55801.06875,15.75,0.04,202.521272917,47.1697005556
SN2011dh,55722.6797,13.745,0.042,202.521272917,47.1697005556
SN2011dh,55816.72,16.01,0.03,202.521272917,47.1697005556
SN2011dh,55754.85,15.34,0.02,202.521272917,47.1697005556
SN2011dh,55724.9611,13.596,0.042,202.521272917,47.1697005556
SN2011dh,55735.6203,13.555,0.042,202.521272917,47.1697005556
SN2011dh,55830.7,16.27,0.04,202.521272917,47.1697005556
SN2011dh,55739.8010,14.107,0.044,202.521272917,47.1697005556
SN2011dh,55789.74,15.78,0.04,202.521272917,47.1697005556
SN2011dh,55748.84,14.99,0.02,202.521272917,47.1697005556
SN2011dh,55726.78,13.53,0.02,202.521272917,47.1697005556
SN2011dh,55723.4796,13.680,0.042,202.521272917,47.1697005556
SN2011dh,55777.17089,15.532,0.035,202.521272917,47.1697005556
SN2011dh,55827.11369,15.911,0.034,202.521272917,47.1697005556
SN2011dh,55813.86181,15.69,0.04,202.521272917,47.1697005556
SN2011dh,55724.81,13.6,0.02,202.521272917,47.1697005556
SN2011dh,55880.18,17.43,0.21,202.521272917,47.1697005556
SN2011dh,55952.96,18.28,0.17,202.521272917,47.1697005556
SN2011dh,55785.30505,15.519,0.128,202.521272917,47.1697005556
SN2011dh,55742.4125,14.524,0.047,202.521272917,47.1697005556
SN2011dh,55723.87,13.7,0.02,202.521272917,47.1697005556
SN2011dh,55735.78,13.59,0.02,202.521272917,47.1697005556
SN2011dh,55826.11654,15.95,0.043,202.521272917,47.1697005556
SN2011dh,55715.5799,15.355,0.055,202.521272917,47.1697005556
SN2011dh,55799.90649,16.046,0.078,202.521272917,47.1697005556
SN2011dh,55736.78,13.72,0.02,202.521272917,47.1697005556
SN2011dh,55717.3188,15.072,0.053,202.521272917,47.1697005556
SN2011dh,55780.3425,15.793,0.067,202.521272917,47.1697005556
SN2011dh,55738.3272,13.865,0.043,202.521272917,47.1697005556
SN2011dh,55721.3421,13.950,0.043,202.521272917,47.1697005556
SN2011dh,55792.07569,15.72,0.04,202.521272917,47.1697005556
SN2011dh,55807.74,15.94,0.02,202.521272917,47.1697005556
SN2011dh,55833.10122,15.999,0.038,202.521272917,47.1697005556
SN2011dh,55718.5884,14.676,0.048,202.521272917,47.1697005556
SN2011dh,55754.1799,15.308,0.057,202.521272917,47.1697005556
SN2011dh,55733.5174,13.385,0.041,202.521272917,47.1697005556
SN2011dh,55762.1018,15.570,0.065,202.521272917,47.1697005556
SN2011dh,55745.6497,14.860,0.051,202.521272917,47.1697005556
SN2011dh,55787.78,15.74,0.05,202.521272917,47.1697005556
SN2011dh,55750.1675,15.112,0.054,202.521272917,47.1697005556
SN2011dh,55777.99306,15.65,0.07,202.521272917,47.1697005556
SN2011dh,55799.15976,15.653,0.033,202.521272917,47.1697005556
SN2011dh,55829.12079,15.998,0.029,202.521272917,47.1697005556
SN2011dh,55825.03681,16.1,0.05,202.521272917,47.1697005556
SN2011dh,55835.14084,16.042,0.049,202.521272917,47.1697005556
SN2011dh,55746.77,14.99,0.02,202.521272917,47.1697005556
SN2011dh,55783.07986,15.63,0.04,202.521272917,47.1697005556
SN2011dh,55730.2340,13.379,0.041,202.521272917,47.1697005556
SN2011dh,55751.85,15.24,0.02,202.521272917,47.1697005556
SN2011dh,55806.07083,15.78,0.04,202.521272917,47.1697005556
SN2011dh,55834.69,16.5,0.05,202.521272917,47.1697005556
SN2011dh,55741.3013,14.381,0.047,202.521272917,47.1697005556
SN2011dh,55742.78,14.57,0.02,202.521272917,47.1697005556
SN2011dh,55743.3749,14.612,0.048,202.521272917,47.1697005556
SN2011dh,55803.89146,15.997,0.049,202.521272917,47.1697005556
SN2011dh,55716.2484,15.319,0.055,202.521272917,47.1697005556
SN2011dh,55720.3331,14.143,0.043,202.521272917,47.1697005556
SN2011dh,55779.30225,15.435,0.024,202.521272917,47.1697005556
SN2011dh,55786.1588,15.493,0.044,202.521272917,47.1697005556
SN2011dh,55792.15103,15.6,0.082,202.521272917,47.1697005556
SN2011dh,55727.3584,13.489,0.041,202.521272917,47.1697005556
SN2011dh,55743.82,14.79,0.02,202.521272917,47.1697005556
SN2011dh,55784.6363,15.797,0.066,202.521272917,47.1697005556
SN2011dh,55955.16,18.45,0.05,202.521272917,47.1697005556
SN2011dh,55729.81,13.42,0.02,202.521272917,47.1697005556
SN2011dh,55736.1190,13.587,0.042,202.521272917,47.1697005556
SN2011dh,55732.81,13.41,0.02,202.521272917,47.1697005556
SN2011dh,55811.13451,15.792,0.053,202.521272917,47.1697005556
SN2011dh,55799.88611,15.55,0.04,202.521272917,47.1697005556
SN2011dh,55824.7,16.17,0.03,202.521272917,47.1697005556
SN2011dh,55726.2235,13.583,0.042,202.521272917,47.1697005556
SN2011dh,55734.83,13.43,0.02,202.521272917,47.1697005556
SN2011dh,55722.87,13.79,0.02,202.521272917,47.1697005556
SN2011dh,55855.71,16.77,0.06,202.521272917,47.1697005556
SN2011dh,55821.71,16.14,0.02,202.521272917,47.1697005556
SN2011dh,55770.4042,15.701,0.065,202.521272917,47.1697005556
SN2011dh,55831.10394,16.005,0.039,202.521272917,47.1697005556
SN2011dh,55807.13872,15.716,0.039,202.521272917,47.1697005556
SN2011dh,55778.12222,15.53,0.03,202.521272917,47.1697005556
SN2011dh,55740.9015,14.280,0.046,202.521272917,47.1697005556
SN2011dh,55785.81,15.66,0.03,202.521272917,47.1697005556
SN2011dh,55820.71,16.08,0.02,202.521272917,47.1697005556
SN2011dh,55832.10448,15.998,0.041,202.521272917,47.1697005556
