SN2003dh,52756.1530,21.794,0.03,161.208458333,21.5217083333
SN2003dh,52738.3824537,20.000,0.074,161.208458333,21.5217083333
SN2003dh,52727.7764059,14.782,0.048,161.208458333,21.5217083333
SN2003dh,52728.5006366,16.858,0.013,161.208458333,21.5217083333
SN2003dh,52727.7951976,14.932,0.048,161.208458333,21.5217083333
SN2003dh,52727.9617392,15.453,0.036,161.208458333,21.5217083333
SN2003dh,52727.8574059,15.093,0.047,161.208458333,21.5217083333
SN2003dh,52740.1162000,20.319,0.115,161.208458333,21.5217083333
SN2003dh,52738.2400,19.953,0.04,161.208458333,21.5217083333
SN2003dh,52727.7779892,14.800,0.048,161.208458333,21.5217083333
SN2003dh,52728.3205,16.4,0.03,161.208458333,21.5217083333
SN2003dh,52728.3735,16.531,0.05,161.208458333,21.5217083333
SN2003dh,52729.2805914,17.172,0.054,161.208458333,21.5217083333
SN2003dh,52729.4477697,17.276,0.057,161.208458333,21.5217083333
SN2003dh,52729.7242477,17.488,0.073,161.208458333,21.5217083333
SN2003dh,52728.3370752,16.568,0.053,161.208458333,21.5217083333
SN2003dh,52728.0213226,15.687,0.038,161.208458333,21.5217083333
SN2003dh,52728.3932,16.64,0.02,161.208458333,21.5217083333
SN2003dh,52731.0024884,17.867,0.078,161.208458333,21.5217083333
SN2003dh,52727.7476559,14.672,0.038,161.208458333,21.5217083333
SN2003dh,52727.9684892,15.435,0.037,161.208458333,21.5217083333
SN2003dh,52728.2274,16.161,0.01,161.208458333,21.5217083333
SN2003dh,52728.1705,16.033,0.01,161.208458333,21.5217083333
SN2003dh,52749.2541273,21.277,0.175,161.208458333,21.5217083333
SN2003dh,52728.0145726,15.569,0.037,161.208458333,21.5217083333
SN2003dh,52727.8817809,15.238,0.053,161.208458333,21.5217083333
SN2003dh,52727.8076559,14.824,0.054,161.208458333,21.5217083333
SN2003dh,52727.9540309,15.421,0.064,161.208458333,21.5217083333
SN2003dh,52728.2378,16.212,0.01,161.208458333,21.5217083333
SN2003dh,52727.8092392,14.950,0.050,161.208458333,21.5217083333
SN2003dh,52728.0618226,15.792,0.045,161.208458333,21.5217083333
SN2003dh,52732.1279,18.632,0.02,161.208458333,21.5217083333
SN2003dh,52727.9514059,15.329,0.059,161.208458333,21.5217083333
SN2003dh,52733.1198,18.528,0.03,161.208458333,21.5217083333
SN2003dh,52727.9707392,15.464,0.036,161.208458333,21.5217083333
SN2003dh,52727.8558642,15.118,0.049,161.208458333,21.5217083333
SN2003dh,52730.9973148,17.927,0.077,161.208458333,21.5217083333
SN2003dh,52736.1501852,19.658,0.063,161.208458333,21.5217083333
SN2003dh,52727.7889476,14.809,0.051,161.208458333,21.5217083333
SN2003dh,52730.8467245,17.681,0.071,161.208458333,21.5217083333
SN2003dh,52750.1509,21.241,0.07,161.208458333,21.5217083333
SN2003dh,52731.8418750,18.531,0.075,161.208458333,21.5217083333
SN2003dh,52728.0122809,15.603,0.036,161.208458333,21.5217083333
SN2003dh,52727.7544059,14.717,0.036,161.208458333,21.5217083333
SN2003dh,52727.8107809,14.925,0.051,161.208458333,21.5217083333
SN2003dh,52731.3463,18.244,0.02,161.208458333,21.5217083333
SN2003dh,52731.2717,18.154,0.02,161.208458333,21.5217083333
SN2003dh,52728.4347,16.748,0.02,161.208458333,21.5217083333
SN2003dh,52752.1700,21.44,0.06,161.208458333,21.5217083333
SN2003dh,52729.2376470,17.113,0.054,161.208458333,21.5217083333
SN2003dh,52727.9003642,15.234,0.064,161.208458333,21.5217083333
SN2003dh,52728.1253,15.903,0.01,161.208458333,21.5217083333
SN2003dh,52738.1335752,19.861,0.091,161.208458333,21.5217083333
SN2003dh,52727.8964059,15.195,0.059,161.208458333,21.5217083333
SN2003dh,52727.8496142,15.036,0.052,161.208458333,21.5217083333
SN2003dh,52727.7748642,14.770,0.059,161.208458333,21.5217083333
SN2003dh,52727.7938657,14.934,0.034,161.208458333,21.5217083333
SN2003dh,52728.0078226,15.607,0.037,161.208458333,21.5217083333
SN2003dh,52729.2218438,17.095,0.054,161.208458333,21.5217083333
SN2003dh,52737.1372106,19.672,0.066,161.208458333,21.5217083333
SN2003dh,52736.4114722,19.805,0.087,161.208458333,21.5217083333
SN2003dh,52728.0190726,15.616,0.038,161.208458333,21.5217083333
SN2003dh,52727.9255309,15.303,0.059,161.208458333,21.5217083333
SN2003dh,52727.8279059,15.055,0.048,161.208458333,21.5217083333
SN2003dh,52738.3019201,19.889,0.064,161.208458333,21.5217083333
SN2003dh,52753.1730,21.671,0.04,161.208458333,21.5217083333
SN2003dh,52738.3522755,19.901,0.060,161.208458333,21.5217083333
SN2003dh,52759.1854734,21.975,0.217,161.208458333,21.5217083333
SN2003dh,52728.1922,16.076,0.02,161.208458333,21.5217083333
SN2003dh,52728.3576,16.505,0.03,161.208458333,21.5217083333
SN2003dh,52728.3921,16.595,0.07,161.208458333,21.5217083333
SN2003dh,52727.8263642,14.931,0.050,161.208458333,21.5217083333
SN2003dh,52729.3997373,17.291,0.054,161.208458333,21.5217083333
SN2003dh,52737.3159873,19.788,0.079,161.208458333,21.5217083333
SN2003dh,52727.9215309,15.142,0.069,161.208458333,21.5217083333
SN2003dh,52730.5674884,17.835,0.016,161.208458333,21.5217083333
SN2003dh,52727.9572392,15.445,0.035,161.208458333,21.5217083333
SN2003dh,52728.0235726,15.687,0.037,161.208458333,21.5217083333
SN2003dh,52728.1861,16.085,0.01,161.208458333,21.5217083333
SN2003dh,52727.7842392,14.791,0.049,161.208458333,21.5217083333
SN2003dh,52728.3104,16.386,0.01,161.208458333,21.5217083333
SN2003dh,52753.2244,21.516,0.06,161.208458333,21.5217083333
SN2003dh,52733.1905,18.548,0.04,161.208458333,21.5217083333
SN2003dh,52728.0572809,15.783,0.043,161.208458333,21.5217083333
SN2003dh,52737.1339,19.75,0.05,161.208458333,21.5217083333
SN2003dh,52728.0505309,15.660,0.041,161.208458333,21.5217083333
SN2003dh,52727.9954892,15.551,0.037,161.208458333,21.5217083333
SN2003dh,52730.1511366,17.611,0.053,161.208458333,21.5217083333
SN2003dh,52727.7724059,14.735,0.038,161.208458333,21.5217083333
SN2003dh,52765.1560,22.254,0.04,161.208458333,21.5217083333
SN2003dh,52731.7073264,18.239,0.143,161.208458333,21.5217083333
SN2003dh,52727.7904892,14.865,0.048,161.208458333,21.5217083333
SN2003dh,52755.1560,21.714,0.03,161.208458333,21.5217083333
SN2003dh,52729.5185301,17.360,0.011,161.208458333,21.5217083333
SN2003dh,52737.3239803,19.785,0.073,161.208458333,21.5217083333
SN2003dh,52728.3111481,16.504,0.053,161.208458333,21.5217083333
SN2003dh,52728.2689,16.302,0.01,161.208458333,21.5217083333
SN2003dh,52728.4821759,16.818,0.013,161.208458333,21.5217083333
SN2003dh,52751.1656,21.382,0.07,161.208458333,21.5217083333
SN2003dh,52728.0100726,15.593,0.037,161.208458333,21.5217083333
SN2003dh,52727.8726559,15.182,0.061,161.208458333,21.5217083333
SN2003dh,52727.9639892,15.424,0.036,161.208458333,21.5217083333
SN2003dh,52728.2999,16.379,0.01,161.208458333,21.5217083333
SN2003dh,52728.1978715,16.261,0.053,161.208458333,21.5217083333
SN2003dh,52729.9874537,17.607,0.072,161.208458333,21.5217083333
SN2003dh,52750.1521644,21.225,0.041,161.208458333,21.5217083333
SN2003dh,52759.1520,22.034,0.02,161.208458333,21.5217083333
SN2003dh,52727.7634059,14.690,0.037,161.208458333,21.5217083333
SN2003dh,52729.1748414,17.026,0.054,161.208458333,21.5217083333
SN2003dh,52728.0483226,15.665,0.045,161.208458333,21.5217083333
SN2003dh,52727.8673642,15.114,0.066,161.208458333,21.5217083333
SN2003dh,52727.9864892,15.517,0.037,161.208458333,21.5217083333
SN2003dh,52727.8778226,15.091,0.059,161.208458333,21.5217083333
SN2003dh,52728.4081,16.676,0.03,161.208458333,21.5217083333
SN2003dh,52727.8232392,14.957,0.048,161.208458333,21.5217083333
SN2003dh,52727.9282809,15.322,0.061,161.208458333,21.5217083333
SN2003dh,52727.9082809,15.316,0.059,161.208458333,21.5217083333
SN2003dh,52727.8014059,14.929,0.049,161.208458333,21.5217083333
SN2003dh,52728.0325726,15.697,0.041,161.208458333,21.5217083333
SN2003dh,52759.1590,22.023,0.02,161.208458333,21.5217083333
SN2003dh,52728.2585,16.286,0.01,161.208458333,21.5217083333
SN2003dh,52728.0168226,15.623,0.039,161.208458333,21.5217083333
SN2003dh,52764.0420,22.268,0.04,161.208458333,21.5217083333
SN2003dh,52767.0310,22.335,0.06,161.208458333,21.5217083333
SN2003dh,52727.9819892,15.487,0.035,161.208458333,21.5217083333
SN2003dh,52728.2162,16.185,0.01,161.208458333,21.5217083333
SN2003dh,52733.1037000,18.536,0.030,161.208458333,21.5217083333
SN2003dh,52766.0380,22.273,0.04,161.208458333,21.5217083333
SN2003dh,52729.3057442,17.180,0.054,161.208458333,21.5217083333
SN2003dh,52749.2289433,21.303,0.127,161.208458333,21.5217083333
SN2003dh,52727.9296976,15.161,0.061,161.208458333,21.5217083333
SN2003dh,52729.5268403,17.364,0.014,161.208458333,21.5217083333
SN2003dh,52757.1250,21.869,0.06,161.208458333,21.5217083333
SN2003dh,52727.8045726,14.888,0.051,161.208458333,21.5217083333
SN2003dh,52728.2628,16.288,0.02,161.208458333,21.5217083333
SN2003dh,52727.7430726,14.659,0.037,161.208458333,21.5217083333
SN2003dh,52736.3761,19.698,0.04,161.208458333,21.5217083333
SN2003dh,52728.2080,16.117,0.01,161.208458333,21.5217083333
SN2003dh,52727.8527315,15.123,0.026,161.208458333,21.5217083333
SN2003dh,52729.3842604,17.272,0.054,161.208458333,21.5217083333
SN2003dh,52731.2967,18.197,0.02,161.208458333,21.5217083333
SN2003dh,52727.7826976,14.803,0.051,161.208458333,21.5217083333
SN2003dh,52727.8660309,15.171,0.056,161.208458333,21.5217083333
SN2003dh,52727.8844476,15.204,0.057,161.208458333,21.5217083333
SN2003dh,52727.8990309,15.215,0.054,161.208458333,21.5217083333
SN2003dh,52731.3158,18.221,0.02,161.208458333,21.5217083333
SN2003dh,52736.2794352,19.613,0.066,161.208458333,21.5217083333
SN2003dh,52740.2245,20.394,0.05,161.208458333,21.5217083333
SN2003dh,52727.8123642,14.912,0.051,161.208458333,21.5217083333
SN2003dh,52736.1370,19.699,0.06,161.208458333,21.5217083333
SN2003dh,52727.9977392,15.539,0.037,161.208458333,21.5217083333
SN2003dh,52731.2103,18.104,0.04,161.208458333,21.5217083333
SN2003dh,52737.3562,19.82,0.06,161.208458333,21.5217083333
SN2003dh,52735.3583,19.632,0.05,161.208458333,21.5217083333
SN2003dh,52728.0595309,15.734,0.040,161.208458333,21.5217083333
SN2003dh,52727.9228642,15.260,0.065,161.208458333,21.5217083333
SN2003dh,52760.1660,22.066,0.04,161.208458333,21.5217083333
SN2003dh,52736.1607014,19.688,0.061,161.208458333,21.5217083333
SN2003dh,52728.0303226,15.646,0.038,161.208458333,21.5217083333
SN2003dh,52727.8527392,15.054,0.048,161.208458333,21.5217083333
SN2003dh,52730.3327,17.805,0.02,161.208458333,21.5217083333
SN2003dh,52737.2604,19.871,0.04,161.208458333,21.5217083333
SN2003dh,52764.9990,22.285,0.04,161.208458333,21.5217083333
SN2003dh,52729.2751,17.21,0.02,161.208458333,21.5217083333
SN2003dh,52728.3518,16.519,0.01,161.208458333,21.5217083333
SN2003dh,52729.2241,17.132,0.01,161.208458333,21.5217083333
SN2003dh,52727.7499059,14.685,0.037,161.208458333,21.5217083333
SN2003dh,52727.7453226,14.665,0.037,161.208458333,21.5217083333
SN2003dh,52728.4244,16.724,0.02,161.208458333,21.5217083333
SN2003dh,52754.1810,21.66,0.04,161.208458333,21.5217083333
SN2003dh,52727.9310726,15.401,0.057,161.208458333,21.5217083333
SN2003dh,52728.4241,16.71,0.02,161.208458333,21.5217083333
SN2003dh,52733.1942,18.569,0.04,161.208458333,21.5217083333
SN2003dh,52754.2033,21.644,0.08,161.208458333,21.5217083333
SN2003dh,52728.1962,16.1,0.01,161.208458333,21.5217083333
SN2003dh,52754.1730,21.675,0.04,161.208458333,21.5217083333
SN2003dh,52727.9932392,15.514,0.037,161.208458333,21.5217083333
SN2003dh,52728.1505,15.977,0.01,161.208458333,21.5217083333
SN2003dh,52727.8139059,14.965,0.050,161.208458333,21.5217083333
SN2003dh,52727.9109476,15.287,0.055,161.208458333,21.5217083333
SN2003dh,52727.9752392,15.512,0.036,161.208458333,21.5217083333
SN2003dh,52730.7045602,17.797,0.082,161.208458333,21.5217083333
SN2003dh,52729.3227,17.267,0.01,161.208458333,21.5217083333
SN2003dh,52728.2980,16.374,0.03,161.208458333,21.5217083333
SN2003dh,52727.8511559,15.102,0.051,161.208458333,21.5217083333
SN2003dh,52727.9729892,15.459,0.037,161.208458333,21.5217083333
SN2003dh,52727.9096142,15.379,0.061,161.208458333,21.5217083333
SN2003dh,52727.9486690,15.400,0.026,161.208458333,21.5217083333
SN2003dh,52728.0348226,15.746,0.040,161.208458333,21.5217083333
SN2003dh,52736.3957778,19.667,0.073,161.208458333,21.5217083333
SN2003dh,52734.0682,19.069,0.04,161.208458333,21.5217083333
SN2003dh,52727.7936142,14.861,0.048,161.208458333,21.5217083333
SN2003dh,52729.4155984,17.292,0.054,161.208458333,21.5217083333
SN2003dh,52727.9594892,15.427,0.035,161.208458333,21.5217083333
SN2003dh,52735.1210000,19.572,0.030,161.208458333,21.5217083333
SN2003dh,52729.2635567,17.110,0.054,161.208458333,21.5217083333
SN2003dh,52728.3725,16.562,0.02,161.208458333,21.5217083333
SN2003dh,52729.1609618,16.984,0.054,161.208458333,21.5217083333
SN2003dh,52737.2050440,19.658,0.056,161.208458333,21.5217083333
SN2003dh,52758.1650,21.971,0.03,161.208458333,21.5217083333
SN2003dh,52727.8884059,15.272,0.059,161.208458333,21.5217083333
SN2003dh,52727.7795726,14.815,0.048,161.208458333,21.5217083333
SN2003dh,52737.0753000,19.781,0.038,161.208458333,21.5217083333
SN2003dh,52727.8713226,15.246,0.056,161.208458333,21.5217083333
SN2003dh,52727.9909892,15.568,0.036,161.208458333,21.5217083333
SN2003dh,52727.8201142,14.954,0.053,161.208458333,21.5217083333
SN2003dh,52728.3207,16.429,0.01,161.208458333,21.5217083333
SN2003dh,52736.2739,19.774,0.04,161.208458333,21.5217083333
SN2003dh,52728.2481,16.242,0.01,161.208458333,21.5217083333
SN2003dh,52727.8924059,15.285,0.062,161.208458333,21.5217083333
SN2003dh,52727.9774892,15.471,0.037,161.208458333,21.5217083333
SN2003dh,52727.7521559,14.644,0.037,161.208458333,21.5217083333
SN2003dh,52728.0055309,15.546,0.037,161.208458333,21.5217083333
SN2003dh,52727.8870726,15.349,0.057,161.208458333,21.5217083333
SN2003dh,52728.0022392,15.600,0.037,161.208458333,21.5217083333
SN2003dh,52757.1370,21.9,0.02,161.208458333,21.5217083333
SN2003dh,52727.9474476,15.387,0.056,161.208458333,21.5217083333
SN2003dh,52728.0258226,15.593,0.041,161.208458333,21.5217083333
SN2003dh,52727.7589476,14.746,0.037,161.208458333,21.5217083333
SN2003dh,52727.9189059,15.346,0.055,161.208458333,21.5217083333
SN2003dh,52728.2792,16.328,0.01,161.208458333,21.5217083333
SN2003dh,52737.2305741,19.731,0.059,161.208458333,21.5217083333
SN2003dh,52762.1450,22.185,0.04,161.208458333,21.5217083333
SN2003dh,52738.2069502,19.843,0.061,161.208458333,21.5217083333
SN2003dh,52727.9500726,15.417,0.063,161.208458333,21.5217083333
SN2003dh,52728.0550726,15.761,0.044,161.208458333,21.5217083333
SN2003dh,52727.7607986,14.739,0.030,161.208458333,21.5217083333
SN2003dh,52729.3214803,17.204,0.054,161.208458333,21.5217083333
SN2003dh,52728.0326273,15.665,0.029,161.208458333,21.5217083333
SN2003dh,52727.7656976,14.720,0.036,161.208458333,21.5217083333
SN2003dh,52734.0638,19.076,0.04,161.208458333,21.5217083333
SN2003dh,52730.1704514,17.621,0.054,161.208458333,21.5217083333
SN2003dh,52728.4042732,16.695,0.053,161.208458333,21.5217083333
SN2003dh,52732.1402000,18.622,0.024,161.208458333,21.5217083333
SN2003dh,52730.4438,17.937,0.02,161.208458333,21.5217083333
SN2003dh,52762.1380,22.121,0.05,161.208458333,21.5217083333
SN2003dh,52728.0438226,15.706,0.041,161.208458333,21.5217083333
SN2003dh,52728.4037,16.654,0.02,161.208458333,21.5217083333
SN2003dh,52727.8950726,15.358,0.058,161.208458333,21.5217083333
SN2003dh,52728.0370726,15.704,0.040,161.208458333,21.5217083333
SN2003dh,52727.7679059,14.752,0.037,161.208458333,21.5217083333
SN2003dh,52736.3462581,19.622,0.073,161.208458333,21.5217083333
SN2003dh,52755.1720,21.725,0.02,161.208458333,21.5217083333
SN2003dh,52728.3622,16.542,0.01,161.208458333,21.5217083333
SN2003dh,52728.1754,16.036,0.01,161.208458333,21.5217083333
SN2003dh,52727.9029892,15.310,0.063,161.208458333,21.5217083333
SN2003dh,52734.3532,19.149,0.03,161.208458333,21.5217083333
SN2003dh,52730.2766597,17.741,0.054,161.208458333,21.5217083333
SN2003dh,52727.7858226,14.825,0.049,161.208458333,21.5217083333
SN2003dh,52727.8910726,15.243,0.059,161.208458333,21.5217083333
SN2003dh,52727.8646976,15.133,0.059,161.208458333,21.5217083333
SN2003dh,52727.7373148,14.671,0.026,161.208458333,21.5217083333
SN2003dh,52727.9162392,15.257,0.057,161.208458333,21.5217083333
SN2003dh,52734.1353,19.053,0.03,161.208458333,21.5217083333
SN2003dh,52737.1474745,19.735,0.064,161.208458333,21.5217083333
SN2003dh,52729.1289,17.002,0.01,161.208458333,21.5217083333
SN2003dh,52727.9842392,15.505,0.036,161.208458333,21.5217083333
SN2003dh,52728.1360,15.921,0.01,161.208458333,21.5217083333
SN2003dh,52728.0460726,15.783,0.041,161.208458333,21.5217083333
SN2003dh,52739.1287000,20.217,0.081,161.208458333,21.5217083333
SN2003dh,52727.8620726,15.057,0.061,161.208458333,21.5217083333
SN2003dh,52729.3377766,17.247,0.054,161.208458333,21.5217083333
SN2003dh,52727.9043226,15.183,0.057,161.208458333,21.5217083333
SN2003dh,52735.1225,19.478,0.06,161.208458333,21.5217083333
SN2003dh,52728.1678,16.013,0.02,161.208458333,21.5217083333
SN2003dh,52727.8589892,15.149,0.050,161.208458333,21.5217083333
SN2003dh,52728.3709224,16.627,0.053,161.208458333,21.5217083333
SN2003dh,52765.1650,22.357,0.04,161.208458333,21.5217083333
SN2003dh,52729.3415787,17.249,0.054,161.208458333,21.5217083333
SN2003dh,52728.2674016,16.406,0.053,161.208458333,21.5217083333
SN2003dh,52728.0280726,15.707,0.037,161.208458333,21.5217083333
SN2003dh,52728.3310,16.444,0.01,161.208458333,21.5217083333
SN2003dh,52727.8170309,14.932,0.052,161.208458333,21.5217083333
SN2003dh,52727.7566559,14.735,0.036,161.208458333,21.5217083333
SN2003dh,52729.3687720,17.257,0.054,161.208458333,21.5217083333
SN2003dh,52727.7967392,14.886,0.056,161.208458333,21.5217083333
SN2003dh,52728.3414,16.491,0.01,161.208458333,21.5217083333
SN2003dh,52727.8607392,15.106,0.067,161.208458333,21.5217083333
SN2003dh,52727.9461142,15.372,0.066,161.208458333,21.5217083333
SN2003dh,52738.0980000,20.013,0.048,161.208458333,21.5217083333
SN2003dh,52731.0970000,18.035,0.022,161.208458333,21.5217083333
SN2003dh,52761.1400,22.124,0.03,161.208458333,21.5217083333
SN2003dh,52727.8686559,15.190,0.058,161.208458333,21.5217083333
SN2003dh,52727.9172222,15.316,0.025,161.208458333,21.5217083333
SN2003dh,52727.8937392,15.199,0.058,161.208458333,21.5217083333
SN2003dh,52727.7920309,14.867,0.054,161.208458333,21.5217083333
SN2003dh,52727.7983226,14.928,0.051,161.208458333,21.5217083333
SN2003dh,52730.1483000,17.671,0.021,161.208458333,21.5217083333
SN2003dh,52727.9999892,15.556,0.037,161.208458333,21.5217083333
SN2003dh,52727.8061142,14.882,0.050,161.208458333,21.5217083333
SN2003dh,52727.9202392,15.295,0.060,161.208458333,21.5217083333
SN2003dh,52727.9797392,15.551,0.035,161.208458333,21.5217083333
SN2003dh,52727.9887392,15.527,0.039,161.208458333,21.5217083333
SN2003dh,52727.7611559,14.709,0.038,161.208458333,21.5217083333
SN2003dh,52727.8831142,15.201,0.057,161.208458333,21.5217083333
SN2003dh,52739.2200,20.112,0.04,161.208458333,21.5217083333
SN2003dh,52730.2583657,17.700,0.054,161.208458333,21.5217083333
SN2003dh,52730.8417130,17.684,0.071,161.208458333,21.5217083333
SN2003dh,52727.9554059,15.272,0.071,161.208458333,21.5217083333
SN2003dh,52729.4635961,17.367,0.057,161.208458333,21.5217083333
SN2003dh,52749.1842,21.296,0.06,161.208458333,21.5217083333
SN2003dh,52728.3828,16.626,0.02,161.208458333,21.5217083333
SN2003dh,52727.8543226,15.080,0.051,161.208458333,21.5217083333
SN2003dh,52736.2195058,19.724,0.058,161.208458333,21.5217083333
SN2003dh,52727.9069892,15.230,0.060,161.208458333,21.5217083333
SN2003dh,52727.8897392,15.167,0.062,161.208458333,21.5217083333
SN2003dh,52727.8216976,14.911,0.053,161.208458333,21.5217083333
SN2003dh,52727.8029892,14.891,0.051,161.208458333,21.5217083333
SN2003dh,52727.9016559,15.279,0.063,161.208458333,21.5217083333
SN2003dh,52728.2471,16.229,0.01,161.208458333,21.5217083333
SN2003dh,52738.1608970,19.905,0.081,161.208458333,21.5217083333
SN2003dh,52727.8856366,15.220,0.025,161.208458333,21.5217083333
SN2003dh,52736.3213067,19.690,0.073,161.208458333,21.5217083333
SN2003dh,52738.2289664,19.898,0.073,161.208458333,21.5217083333
SN2003dh,52727.9662392,15.418,0.035,161.208458333,21.5217083333
SN2003dh,52728.0393226,15.741,0.039,161.208458333,21.5217083333
SN2003dh,52727.9175726,15.372,0.064,161.208458333,21.5217083333
SN2003dh,52738.2794549,19.848,0.062,161.208458333,21.5217083333
SN2003dh,52761.1470,22.173,0.05,161.208458333,21.5217083333
SN2003dh,52727.7701559,14.778,0.038,161.208458333,21.5217083333
SN2003dh,52728.2244039,16.330,0.053,161.208458333,21.5217083333
SN2003dh,52728.2062,16.146,0.01,161.208458333,21.5217083333
SN2003dh,52728.2896,16.346,0.01,161.208458333,21.5217083333
SN2003dh,52739.1404768,20.091,0.084,161.208458333,21.5217083333
SN2003dh,52753.1810,21.583,0.04,161.208458333,21.5217083333
SN2003dh,52727.9122809,15.352,0.055,161.208458333,21.5217083333
SN2003dh,52728.4140,16.665,0.02,161.208458333,21.5217083333
SN2003dh,52727.7811559,14.768,0.051,161.208458333,21.5217083333
SN2003dh,52727.9136142,15.255,0.061,161.208458333,21.5217083333
SN2003dh,52729.3986,17.331,0.01,161.208458333,21.5217083333
SN2003dh,52728.3418,16.505,0.04,161.208458333,21.5217083333
SN2003dh,52729.2052407,17.082,0.054,161.208458333,21.5217083333
SN2003dh,52727.7998642,14.878,0.053,161.208458333,21.5217083333
