SN2002ap,52326.58,14.41,NULL,24.099375,15.7536666667
SN2002ap,52311.74,13.4,NULL,24.099375,15.7536666667
SN2002ap,52329.13,14.59,NULL,24.099375,15.7536666667
SN2002ap,52526.0,18.32,NULL,24.099375,15.7536666667
SN2002ap,52348.58,15.62,NULL,24.099375,15.7536666667
SN2002ap,52313.25,13.2000,0.0200,24.099375,15.7536666667
SN2002ap,52323.73,14.1720,0.0230,24.099375,15.7536666667
SN2002ap,52330.13,14.66,NULL,24.099375,15.7536666667
SN2002ap,52308.75,13.15,NULL,24.099375,15.7536666667
SN2002ap,52306.8,13.46,NULL,24.099375,15.7536666667
SN2002ap,52333.14,14.85,NULL,24.099375,15.7536666667
SN2002ap,52319.75,13.86,NULL,24.099375,15.7536666667
SN2002ap,52335.69,15.0930,0.0270,24.099375,15.7536666667
SN2002ap,52306.75,13.36,NULL,24.099375,15.7536666667
SN2002ap,52341.57,15.4,NULL,24.099375,15.7536666667
SN2002ap,52306.73,13.53,NULL,24.099375,15.7536666667
SN2002ap,52314.66,13.29,NULL,24.099375,15.7536666667
SN2002ap,52322.9,14.15,NULL,24.099375,15.7536666667
SN2002ap,52620.19,19.6,NULL,24.099375,15.7536666667
SN2002ap,52525.50,17.8680,0.0230,24.099375,15.7536666667
SN2002ap,52343.57,15.48,NULL,24.099375,15.7536666667
SN2002ap,52342.14,15.35,NULL,24.099375,15.7536666667
SN2002ap,52307.63,12.97,NULL,24.099375,15.7536666667
SN2002ap,52307.62,12.94,NULL,24.099375,15.7536666667
SN2002ap,52307.65,12.97,NULL,24.099375,15.7536666667
SN2002ap,52307.64,12.94,NULL,24.099375,15.7536666667
SN2002ap,52334.14,14.95,NULL,24.099375,15.7536666667
SN2002ap,52326.24,14.4000,0.0200,24.099375,15.7536666667
SN2002ap,52312.44,13.07,NULL,24.099375,15.7536666667
SN2002ap,52314.53,12.97,NULL,24.099375,15.7536666667
SN2002ap,52309.71,13.34,NULL,24.099375,15.7536666667
SN2002ap,52317.43,13.49,NULL,24.099375,15.7536666667
SN2002ap,52318.77,13.76,NULL,24.099375,15.7536666667
SN2002ap,52318.74,13.97,NULL,24.099375,15.7536666667
SN2002ap,52315.8,13.35,NULL,24.099375,15.7536666667
SN2002ap,52320.75,13.95,NULL,24.099375,15.7536666667
SN2002ap,52322.25,14.0500,0.0200,24.099375,15.7536666667
SN2002ap,52310.8,13.1,NULL,24.099375,15.7536666667
SN2002ap,52338.24,15.2300,0.0200,24.099375,15.7536666667
SN2002ap,52349.58,15.55,NULL,24.099375,15.7536666667
SN2002ap,52336.69,15.1250,0.0290,24.099375,15.7536666667
SN2002ap,52309.8,13.13,NULL,24.099375,15.7536666667
SN2002ap,52438.60,16.7800,0.0400,24.099375,15.7536666667
SN2002ap,52346.57,15.55,NULL,24.099375,15.7536666667
SN2002ap,52613.24,19.63,NULL,24.099375,15.7536666667
SN2002ap,52308.58,12.79,NULL,24.099375,15.7536666667
SN2002ap,52313.08,13.23,NULL,24.099375,15.7536666667
SN2002ap,52311.13,13.07,NULL,24.099375,15.7536666667
SN2002ap,52307.12,13.33,NULL,24.099375,15.7536666667
SN2002ap,52583.30,18.7850,0.0730,24.099375,15.7536666667
SN2002ap,52307.4,13.34,NULL,24.099375,15.7536666667
SN2002ap,52307.8,13.3,NULL,24.099375,15.7536666667
SN2002ap,52323.58,14.17,NULL,24.099375,15.7536666667
SN2002ap,52517.36,18.07,NULL,24.099375,15.7536666667
SN2002ap,52580.36453,19.106,0.043,24.099375,15.7536666667
SN2002ap,52337.58,15.2,NULL,24.099375,15.7536666667
SN2002ap,52321.25,13.9500,0.0200,24.099375,15.7536666667
SN2002ap,52306.12,13.52,NULL,24.099375,15.7536666667
SN2002ap,52310.78,13.34,NULL,24.099375,15.7536666667
SN2002ap,52343.73,15.48,NULL,24.099375,15.7536666667
SN2002ap,52579.26427,19.072,0.059,24.099375,15.7536666667
SN2002ap,52320.10666,13.849,0.025,24.099375,15.7536666667
SN2002ap,52310.75,12.72,NULL,24.099375,15.7536666667
SN2002ap,52331.58,14.79,NULL,24.099375,15.7536666667
SN2002ap,52316.8,13.54,NULL,24.099375,15.7536666667
SN2002ap,52323.40,14.1500,0.0200,24.099375,15.7536666667
SN2002ap,52310.12,13.08,NULL,24.099375,15.7536666667
SN2002ap,52314.75,13.5,NULL,24.099375,15.7536666667
SN2002ap,52314.71,13.59,NULL,24.099375,15.7536666667
SN2002ap,52552.32,18.66,NULL,24.099375,15.7536666667
SN2002ap,52337.69,15.19,NULL,24.099375,15.7536666667
SN2002ap,52319.27,13.7600,0.0200,24.099375,15.7536666667
SN2002ap,52325.41,14.14,NULL,24.099375,15.7536666667
SN2002ap,52318.13,13.63,NULL,24.099375,15.7536666667
SN2002ap,52320.13,13.83,NULL,24.099375,15.7536666667
SN2002ap,52551.37,18.66,NULL,24.099375,15.7536666667
SN2002ap,52453.46443,16.894,0.038,24.099375,15.7536666667
SN2002ap,52327.8,14.43,NULL,24.099375,15.7536666667
SN2002ap,52551.35,18.63,NULL,24.099375,15.7536666667
SN2002ap,52335.14,15,NULL,24.099375,15.7536666667
SN2002ap,52326.14,14.38,NULL,24.099375,15.7536666667
SN2002ap,52438.1,16.78,NULL,24.099375,15.7536666667
SN2002ap,52321.75,14.05,NULL,24.099375,15.7536666667
SN2002ap,52330.56,14.74,NULL,24.099375,15.7536666667
SN2002ap,52321.71,13.9810,0.0100,24.099375,15.7536666667
SN2002ap,52436.5,16.71,NULL,24.099375,15.7536666667
SN2002ap,52329.6,14.65,NULL,24.099375,15.7536666667
SN2002ap,52325.74,14.4,NULL,24.099375,15.7536666667
SN2002ap,52327.24,14.4800,0.0200,24.099375,15.7536666667
SN2002ap,52337.74,15.23,NULL,24.099375,15.7536666667
SN2002ap,52334.69,15.0450,0.0310,24.099375,15.7536666667
SN2002ap,52328.57,14.59,NULL,24.099375,15.7536666667
SN2002ap,52305.13,13.8,NULL,24.099375,15.7536666667
SN2002ap,52320.25,13.8600,0.0200,24.099375,15.7536666667
SN2002ap,52336.7,15.05,NULL,24.099375,15.7536666667
SN2002ap,52582.25,18.96,NULL,24.099375,15.7536666667
SN2002ap,52304.17,14.77,NULL,24.099375,15.7536666667
SN2002ap,52583.3,19.13,NULL,24.099375,15.7536666667
SN2002ap,52313.99,13.05,NULL,24.099375,15.7536666667
SN2002ap,52436.50,16.3640,0.0160,24.099375,15.7536666667
SN2002ap,52464.49,17.13,NULL,24.099375,15.7536666667
SN2002ap,52347.58,15.58,NULL,24.099375,15.7536666667
SN2002ap,52314.13,13.23,NULL,24.099375,15.7536666667
SN2002ap,52336.58,15.1,NULL,24.099375,15.7536666667
SN2002ap,52342.57,15.38,NULL,24.099375,15.7536666667
SN2002ap,52332.58,14.86,NULL,24.099375,15.7536666667
SN2002ap,52327.13,14.42,NULL,24.099375,15.7536666667
SN2002ap,52339.57,15.28,NULL,24.099375,15.7536666667
SN2002ap,52322.63,14.04,NULL,24.099375,15.7536666667
SN2002ap,52309.39,13.15,NULL,24.099375,15.7536666667
SN2002ap,52325.69,14.34,NULL,24.099375,15.7536666667
SN2002ap,52338.69,15.3210,0.0890,24.099375,15.7536666667
SN2002ap,52338.7,14.96,NULL,24.099375,15.7536666667
SN2002ap,52333.60,14.9400,0.0200,24.099375,15.7536666667
SN2002ap,52524.46,18.15,NULL,24.099375,15.7536666667
SN2002ap,52315.13,13.31,NULL,24.099375,15.7536666667
SN2002ap,52317.65,13.58,NULL,24.099375,15.7536666667
SN2002ap,52317.82,13.55,NULL,24.099375,15.7536666667
SN2002ap,52468.44644,17.191,0.023,24.099375,15.7536666667
SN2002ap,52338.58,15.25,NULL,24.099375,15.7536666667
SN2002ap,52308.12,13.21,NULL,24.099375,15.7536666667
SN2002ap,52312.75,13.41,NULL,24.099375,15.7536666667
SN2002ap,52465.49,17.15,NULL,24.099375,15.7536666667
SN2002ap,52309.25,13.1500,0.0200,24.099375,15.7536666667
SN2002ap,52326.74,14.48,NULL,24.099375,15.7536666667
SN2002ap,52492.48,17.65,NULL,24.099375,15.7536666667
SN2002ap,52317.13,13.5,NULL,24.099375,15.7536666667
SN2002ap,52338.14,15.19,NULL,24.099375,15.7536666667
SN2002ap,52437.49,16.7,NULL,24.099375,15.7536666667
SN2002ap,52328.71,14.56,NULL,24.099375,15.7536666667
SN2002ap,52337.14,15.13,NULL,24.099375,15.7536666667
SN2002ap,52307.69,13.38,NULL,24.099375,15.7536666667
SN2002ap,52307.68,13.3810,0.0070,24.099375,15.7536666667
SN2002ap,52307.25,13.3600,0.0200,24.099375,15.7536666667
SN2002ap,52321.64,13.97,NULL,24.099375,15.7536666667
SN2002ap,52344.57,15.49,NULL,24.099375,15.7536666667
SN2002ap,52438.61,16.73,NULL,24.099375,15.7536666667
SN2002ap,52329.60,14.6500,0.0200,24.099375,15.7536666667
SN2002ap,52311.62,13.12,NULL,24.099375,15.7536666667
SN2002ap,52333.6,14.94,NULL,24.099375,15.7536666667
SN2002ap,52318.58,13.7,NULL,24.099375,15.7536666667
SN2002ap,52309.13,13.13,NULL,24.099375,15.7536666667
SN2002ap,52312.61,13.16,NULL,24.099375,15.7536666667
SN2002ap,52319.57,13.8,NULL,24.099375,15.7536666667
SN2002ap,52525.5,18.22,NULL,24.099375,15.7536666667
SN2002ap,52316.13,13.41,NULL,24.099375,15.7536666667
SN2002ap,52343.09966,15.427,0.020,24.099375,15.7536666667
SN2002ap,52308.8,13.2,NULL,24.099375,15.7536666667
SN2002ap,52344.23,15.4800,0.0400,24.099375,15.7536666667
SN2002ap,52321.13,13.91,NULL,24.099375,15.7536666667
