SN2013dy,56548.24,16.24,0.03,334.573333333,40.5693333333
SN2013dy,56583.19,16.79,0.07,334.573333333,40.5693333333
SN2013dy,56576.1,16.58,0.02,334.573333333,40.5693333333
SN2013dy,56838.39,20.84,0.24,334.573333333,40.5693333333
SN2013dy,56527.74,15.23,0.01,334.573333333,40.5693333333
SN2013dy,56526.04,15.08,0.01,334.573333333,40.5693333333
SN2013dy,56543.26,16.13,0.03,334.573333333,40.5693333333
SN2013dy,56525.29,15.07,0.04,334.573333333,40.5693333333
SN2013dy,56618.98,17.33,0.02,334.573333333,40.5693333333
SN2013dy,56516.33,14.19,0.03,334.573333333,40.5693333333
SN2013dy,56504.7,13.36,0.01,334.573333333,40.5693333333
SN2013dy,56629.96,17.46,0.03,334.573333333,40.5693333333
SN2013dy,56545.5,16.2,0.02,334.573333333,40.5693333333
SN2013dy,56554.52,16.35,0.03,334.573333333,40.5693333333
SN2013dy,56563.3,16.51,0.04,334.573333333,40.5693333333
SN2013dy,56544.24,16.17,0.03,334.573333333,40.5693333333
SN2013dy,56561.23,16.49,0.04,334.573333333,40.5693333333
SN2013dy,56589.18,16.88,0.04,334.573333333,40.5693333333
SN2013dy,56510.4916,13.467,0.031,334.573333333,40.5693333333
SN2013dy,56530.33,15.48,0.03,334.573333333,40.5693333333
SN2013dy,56488.40,14.88,0.03,334.573333333,40.5693333333
SN2013dy,56666.49,18.07,0.03,334.573333333,40.5693333333
SN2013dy,56486.45,15.77,0.07,334.573333333,40.5693333333
SN2013dy,56571.20,16.58,0.04,334.573333333,40.5693333333
SN2013dy,56539.28,16.01,0.03,334.573333333,40.5693333333
SN2013dy,56620.98,17.29,0.02,334.573333333,40.5693333333
SN2013dy,56614.01,17.19,0.03,334.573333333,40.5693333333
SN2013dy,56652.49,17.87,0.02,334.573333333,40.5693333333
SN2013dy,56512.31,13.82,0.03,334.573333333,40.5693333333
SN2013dy,56675.12,18.20,0.02,334.573333333,40.5693333333
SN2013dy,56589.52,16.86,0.01,334.573333333,40.5693333333
SN2013dy,56493.40,13.73,0.06,334.573333333,40.5693333333
SN2013dy,56608.0,17.16,0.02,334.573333333,40.5693333333
SN2013dy,56587.18,16.82,0.04,334.573333333,40.5693333333
SN2013dy,56612.48,17.23,0.01,334.573333333,40.5693333333
SN2013dy,56533.30,15.67,0.03,334.573333333,40.5693333333
SN2013dy,56661.53,17.98,0.02,334.573333333,40.5693333333
SN2013dy,56522.33,14.80,0.03,334.573333333,40.5693333333
SN2013dy,56558.23,16.41,0.04,334.573333333,40.5693333333
SN2013dy,56511.65,13.82,0.02,334.573333333,40.5693333333
SN2013dy,56606.96,17.12,0.02,334.573333333,40.5693333333
SN2013dy,56612.01,17.25,0.02,334.573333333,40.5693333333
SN2013dy,56641.95,17.62,0.03,334.573333333,40.5693333333
SN2013dy,56510.4921,13.607,0.032,334.573333333,40.5693333333
SN2013dy,56569.19,16.56,0.05,334.573333333,40.5693333333
SN2013dy,56581.18,16.73,0.06,334.573333333,40.5693333333
SN2013dy,56664.55,18.04,0.02,334.573333333,40.5693333333
SN2013dy,56563.22,16.45,0.03,334.573333333,40.5693333333
SN2013dy,56676.10,18.29,0.25,334.573333333,40.5693333333
SN2013dy,56513.32,13.90,0.03,334.573333333,40.5693333333
SN2013dy,56575.52,16.65,0.01,334.573333333,40.5693333333
SN2013dy,56532.49,15.56,0.03,334.573333333,40.5693333333
SN2013dy,56510.4254,13.614,0.032,334.573333333,40.5693333333
SN2013dy,56614.14,17.19,0.09,334.573333333,40.5693333333
SN2013dy,56513.8969,13.884,0.033,334.573333333,40.5693333333
SN2013dy,56565.22,16.49,0.03,334.573333333,40.5693333333
SN2013dy,56513.8964,13.880,0.034,334.573333333,40.5693333333
SN2013dy,56509.34,13.59,0.03,334.573333333,40.5693333333
SN2013dy,56586.97,16.84,0.03,334.573333333,40.5693333333
SN2013dy,56576.52,16.67,0.01,334.573333333,40.5693333333
SN2013dy,56596.18,16.99,0.01,334.573333333,40.5693333333
SN2013dy,56485.46,16.21,0.03,334.573333333,40.5693333333
SN2013dy,56585.98,16.72,0.03,334.573333333,40.5693333333
SN2013dy,56596.19,17.07,0.05,334.573333333,40.5693333333
SN2013dy,56516.0969,14.173,0.036,334.573333333,40.5693333333
SN2013dy,56789.46,20.21,0.28,334.573333333,40.5693333333
SN2013dy,56551.26,16.28,0.04,334.573333333,40.5693333333
SN2013dy,56542.28,16.10,0.03,334.573333333,40.5693333333
SN2013dy,56550.32,16.24,0.02,334.573333333,40.5693333333
SN2013dy,56628.47,17.45,0.01,334.573333333,40.5693333333
SN2013dy,56649.95,17.78,0.03,334.573333333,40.5693333333
SN2013dy,56500.45,13.28,0.03,334.573333333,40.5693333333
SN2013dy,56594.52,16.92,0.01,334.573333333,40.5693333333
SN2013dy,56604.13,17.08,0.05,334.573333333,40.5693333333
SN2013dy,56519.31,14.51,0.03,334.573333333,40.5693333333
SN2013dy,56501.39,13.30,0.03,334.573333333,40.5693333333
SN2013dy,56656.11,17.92,0.10,334.573333333,40.5693333333
SN2013dy,56504.1650,13.279,0.031,334.573333333,40.5693333333
SN2013dy,56598.14,17.00,0.04,334.573333333,40.5693333333
SN2013dy,56540.51,16.04,0.02,334.573333333,40.5693333333
SN2013dy,56498.1224,13.300,0.041,334.573333333,40.5693333333
SN2013dy,56585.19,16.81,0.06,334.573333333,40.5693333333
SN2013dy,56508.33,13.54,0.02,334.573333333,40.5693333333
SN2013dy,56579.97,16.73,0.02,334.573333333,40.5693333333
SN2013dy,56541.26,16.04,0.04,334.573333333,40.5693333333
SN2013dy,56648.95,17.76,0.03,334.573333333,40.5693333333
SN2013dy,56532.35,15.62,0.03,334.573333333,40.5693333333
SN2013dy,56615.12,17.21,0.03,334.573333333,40.5693333333
SN2013dy,56510.4249,13.618,0.032,334.573333333,40.5693333333
SN2013dy,56595.18,16.95,0.01,334.573333333,40.5693333333
SN2013dy,56507.62,13.52,0.01,334.573333333,40.5693333333
SN2013dy,56516.0973,14.142,0.034,334.573333333,40.5693333333
SN2013dy,56531.32,15.54,0.03,334.573333333,40.5693333333
SN2013dy,56674.5,18.15,0.02,334.573333333,40.5693333333
SN2013dy,56536.26,15.85,0.03,334.573333333,40.5693333333
SN2013dy,56517.76,14.38,0.01,334.573333333,40.5693333333
SN2013dy,56573.20,16.59,0.05,334.573333333,40.5693333333
SN2013dy,56631.95,17.5,0.02,334.573333333,40.5693333333
SN2013dy,56576.96,16.66,0.02,334.573333333,40.5693333333
SN2013dy,56610.49,17.19,0.01,334.573333333,40.5693333333
SN2013dy,56494.41,13.61,0.03,334.573333333,40.5693333333
SN2013dy,56528.36,15.32,0.03,334.573333333,40.5693333333
SN2013dy,56553.24,16.38,0.06,334.573333333,40.5693333333
SN2013dy,56592.16,16.91,0.05,334.573333333,40.5693333333
SN2013dy,56504.1646,13.309,0.031,334.573333333,40.5693333333
SN2013dy,56545.26,16.20,0.04,334.573333333,40.5693333333
SN2013dy,56577.20,16.64,0.04,334.573333333,40.5693333333
SN2013dy,56619.97,17.35,0.03,334.573333333,40.5693333333
SN2013dy,56491.40,14.04,0.03,334.573333333,40.5693333333
SN2013dy,56505.34,13.40,0.03,334.573333333,40.5693333333
SN2013dy,56492.6066,13.768,0.033,334.573333333,40.5693333333
SN2013dy,56546.26,16.19,0.04,334.573333333,40.5693333333
SN2013dy,56514.32,14.01,0.03,334.573333333,40.5693333333
SN2013dy,56617.97,17.33,0.02,334.573333333,40.5693333333
SN2013dy,56610.99,17.18,0.02,334.573333333,40.5693333333
SN2013dy,56681.49,18.24,0.03,334.573333333,40.5693333333
SN2013dy,56609.12,17.14,0.07,334.573333333,40.5693333333
SN2013dy,56502.35,13.30,0.03,334.573333333,40.5693333333
SN2013dy,56516.76,14.29,0.03,334.573333333,40.5693333333
SN2013dy,56498.38,13.33,0.03,334.573333333,40.5693333333
SN2013dy,56521.71,14.73,0.01,334.573333333,40.5693333333
SN2013dy,56492.6753,13.695,0.032,334.573333333,40.5693333333
SN2013dy,56506.35,13.44,0.02,334.573333333,40.5693333333
SN2013dy,56588.95,16.82,0.02,334.573333333,40.5693333333
SN2013dy,56527.35,15.24,0.04,334.573333333,40.5693333333
SN2013dy,56528.03,15.23,0.01,334.573333333,40.5693333333
SN2013dy,56579.18,16.69,0.05,334.573333333,40.5693333333
SN2013dy,56489.37,14.55,0.03,334.573333333,40.5693333333
SN2013dy,56621.98,17.31,0.02,334.573333333,40.5693333333
SN2013dy,56497.41,13.37,0.03,334.573333333,40.5693333333
SN2013dy,56647.10,17.84,0.14,334.573333333,40.5693333333
SN2013dy,56665.12,18.10,0.03,334.573333333,40.5693333333
SN2013dy,56665.11,18.13,0.13,334.573333333,40.5693333333
SN2013dy,56529.33,15.40,0.03,334.573333333,40.5693333333
SN2013dy,56615.98,17.28,0.02,334.573333333,40.5693333333
SN2013dy,56683.49,18.27,0.04,334.573333333,40.5693333333
SN2013dy,56492.6071,13.765,0.032,334.573333333,40.5693333333
SN2013dy,56616.98,17.27,0.03,334.573333333,40.5693333333
SN2013dy,56499.38,13.33,0.07,334.573333333,40.5693333333
SN2013dy,56575.21,16.68,0.05,334.573333333,40.5693333333
SN2013dy,56502.09,13.28,0.01,334.573333333,40.5693333333
SN2013dy,56492.39,13.86,0.03,334.573333333,40.5693333333
SN2013dy,56639.13,17.67,0.02,334.573333333,40.5693333333
SN2013dy,56567.23,16.54,0.06,334.573333333,40.5693333333
SN2013dy,56630.49,17.48,0.01,334.573333333,40.5693333333
SN2013dy,56503.30,13.33,0.03,334.573333333,40.5693333333
SN2013dy,56667.15,18.13,0.10,334.573333333,40.5693333333
SN2013dy,56535.21,15.76,0.01,334.573333333,40.5693333333
SN2013dy,56564.5,16.44,0.01,334.573333333,40.5693333333
SN2013dy,56490.1204,14.309,0.046,334.573333333,40.5693333333
SN2013dy,56535.28,15.80,0.03,334.573333333,40.5693333333
SN2013dy,56500.72,13.28,0.01,334.573333333,40.5693333333
SN2013dy,56589.98,16.85,0.02,334.573333333,40.5693333333
SN2013dy,56608.99,17.15,0.02,334.573333333,40.5693333333
SN2013dy,56555.27,16.34,0.05,334.573333333,40.5693333333
SN2013dy,56504.0983,13.266,0.031,334.573333333,40.5693333333
SN2013dy,56671.49,18.14,0.02,334.573333333,40.5693333333
SN2013dy,56513.76,14.01,0.02,334.573333333,40.5693333333
SN2013dy,56523.34,14.83,0.01,334.573333333,40.5693333333
SN2013dy,56561.31,16.43,0.02,334.573333333,40.5693333333
SN2013dy,56583.52,16.8,0.01,334.573333333,40.5693333333
SN2013dy,56507.7667,13.467,0.031,334.573333333,40.5693333333
SN2013dy,56510.34,13.66,0.03,334.573333333,40.5693333333
SN2013dy,56487.38,15.33,0.03,334.573333333,40.5693333333
SN2013dy,56606.13,17.14,0.05,334.573333333,40.5693333333
SN2013dy,56602.13,17.04,0.04,334.573333333,40.5693333333
SN2013dy,56642.13,17.73,0.06,334.573333333,40.5693333333
SN2013dy,56524.31,14.96,0.07,334.573333333,40.5693333333
SN2013dy,56507.33,13.50,0.04,334.573333333,40.5693333333
SN2013dy,56574.05,16.56,0.03,334.573333333,40.5693333333
SN2013dy,56496.32,13.46,0.05,334.573333333,40.5693333333
SN2013dy,56504.0979,13.302,0.031,334.573333333,40.5693333333
SN2013dy,56518.36,14.39,0.03,334.573333333,40.5693333333
SN2013dy,56507.4981,13.521,0.032,334.573333333,40.5693333333
SN2013dy,56507.4985,13.451,0.031,334.573333333,40.5693333333
SN2013dy,56562.3,16.41,0.02,334.573333333,40.5693333333
SN2013dy,56647.96,17.77,0.03,334.573333333,40.5693333333
SN2013dy,56519.75,14.52,0.01,334.573333333,40.5693333333
SN2013dy,56546.34,16.14,0.02,334.573333333,40.5693333333
SN2013dy,56560.32,16.41,0.02,334.573333333,40.5693333333
SN2013dy,56603.98,17.07,0.02,334.573333333,40.5693333333
SN2013dy,56584.96,16.68,0.03,334.573333333,40.5693333333
SN2013dy,56523.25,14.90,0.03,334.573333333,40.5693333333
SN2013dy,56511.31,13.73,0.03,334.573333333,40.5693333333
SN2013dy,56639.93,17.64,0.03,334.573333333,40.5693333333
SN2013dy,56612.96,17.22,0.02,334.573333333,40.5693333333
SN2013dy,56520.34,14.60,0.03,334.573333333,40.5693333333
SN2013dy,56537.5,15.9,0.01,334.573333333,40.5693333333
SN2013dy,56507.7672,13.414,0.031,334.573333333,40.5693333333
SN2013dy,56678.11,18.26,0.02,334.573333333,40.5693333333
SN2013dy,56490.43,14.24,0.02,334.573333333,40.5693333333
SN2013dy,56521.41,14.74,0.15,334.573333333,40.5693333333
SN2013dy,56635.96,17.52,0.02,334.573333333,40.5693333333
SN2013dy,56645.96,17.72,0.02,334.573333333,40.5693333333
SN2013dy,56499.12,13.36,0.01,334.573333333,40.5693333333
SN2013dy,56547.34,16.21,0.03,334.573333333,40.5693333333
SN2013dy,56492.6749,13.778,0.033,334.573333333,40.5693333333
SN2013dy,56517.32,14.30,0.04,334.573333333,40.5693333333
SN2013dy,56526.78,15.18,0.01,334.573333333,40.5693333333
SN2013dy,56565.5,16.54,0.01,334.573333333,40.5693333333
SN2013dy,56506.63,13.44,0.01,334.573333333,40.5693333333
SN2013dy,56632.98,17.56,0.02,334.573333333,40.5693333333
SN2013dy,56600.14,17.02,0.16,334.573333333,40.5693333333
SN2013dy,56647.54,17.69,0.02,334.573333333,40.5693333333
SN2013dy,56618.09,17.29,0.08,334.573333333,40.5693333333
SN2013dy,56504.35,13.37,0.03,334.573333333,40.5693333333
SN2013dy,56534.31,15.73,0.03,334.573333333,40.5693333333
SN2013dy,56529.05,15.31,0.01,334.573333333,40.5693333333
SN2013dy,56498.11,13.38,0.01,334.573333333,40.5693333333
SN2013dy,56646.96,17.69,0.02,334.573333333,40.5693333333
SN2013dy,56484.42,16.76,0.04,334.573333333,40.5693333333
SN2013dy,56574.53,16.62,0.01,334.573333333,40.5693333333
SN2013dy,56601.96,17.03,0.02,334.573333333,40.5693333333
SN2013dy,56540.29,16.00,0.03,334.573333333,40.5693333333
SN2013dy,56602.99,17.07,0.02,334.573333333,40.5693333333
SN2013dy,56530.03,15.4,0.02,334.573333333,40.5693333333
